solution: [1,1,0,0,0,0,0,0,0,0,1,0,1,0,1,0,1,0,0,0,0,1,0,1,1,0,0,0,1,0]
obj1: 0.61
obj2: 0.55
obj3: 0.38
--------------
solution: [1,0,0,1,1,1,0,1,1,0,0,0,1,0,1,0,0,0,0,1,0,1,0,0,0,1,0,0,1,1]
obj1: 0.38
obj2: 0.63
obj3: 0.34
--------------
solution: [1,0,0,0,0,0,0,0,0,0,1,0,1,0,1,0,0,1,0,0,1,0,0,0,0,1,0,1,1,0]
obj1: 0.47
obj2: 0.59
obj3: 0.31
--------------
solution: [1,0,0,1,0,1,1,0,0,0,1,0,1,1,1,0,1,0,1,0,1,1,0,0,1,0,1,0,1,0]
obj1: 0.57
obj2: 0.58
obj3: 0.28
--------------
solution: [1,1,0,1,1,0,0,0,0,0,0,0,1,0,1,0,0,0,0,0,0,1,0,1,1,0,0,0,1,0]
obj1: 0.47
obj2: 0.56
obj3: 0.38
--------------
solution: [1,0,0,1,1,1,0,0,1,1,0,0,1,0,1,0,0,0,1,1,0,0,0,0,0,1,0,1,1,0]
obj1: 0.4
obj2: 0.61
obj3: 0.36
--------------
solution: [1,0,1,1,1,1,1,0,0,0,1,0,0,1,1,0,1,0,0,1,1,1,0,0,1,1,1,0,0,0]
obj1: 0.61
obj2: 0.6
obj3: 0.24
--------------
solution: [1,0,0,1,1,0,0,0,1,0,0,0,1,1,1,0,0,0,0,1,0,1,0,0,0,1,0,0,1,1]
obj1: 0.41
obj2: 0.61
obj3: 0.32
--------------
solution: [1,1,0,0,0,0,0,0,0,0,1,0,0,1,1,1,0,0,0,0,0,1,0,1,1,0,1,0,1,0]
obj1: 0.67
obj2: 0.55
obj3: 0.26
--------------
solution: [1,1,0,1,1,0,0,1,0,1,1,0,0,0,0,0,0,0,0,0,0,0,0,1,0,0,1,0,1,0]
obj1: 0.54
obj2: 0.58
obj3: 0.31
--------------
solution: [1,0,0,1,1,0,0,1,1,1,0,0,1,0,1,1,0,0,0,1,0,0,0,0,0,0,0,0,1,0]
obj1: 0.29
obj2: 0.62
obj3: 0.55
--------------
solution: [1,1,0,0,0,0,0,0,0,0,0,0,1,0,1,0,0,0,0,0,0,1,0,1,1,0,0,0,1,0]
obj1: 0.54
obj2: 0.54
obj3: 0.5
--------------
solution: [1,1,0,0,0,0,0,0,0,0,0,0,0,0,0,0,0,0,1,0,0,1,0,0,1,0,0,0,1,0]
obj1: 0.56
obj2: 0.52
obj3: 0.63
--------------
solution: [1,1,0,0,0,0,0,0,0,0,1,0,1,0,1,0,0,0,0,0,0,1,0,1,1,0,0,0,1,0]
obj1: 0.6
obj2: 0.54
obj3: 0.42
--------------
solution: [1,0,0,1,1,0,0,0,0,0,1,0,1,0,1,0,0,1,0,0,1,0,0,0,0,1,0,0,1,1]
obj1: 0.4
obj2: 0.6
obj3: 0.37
--------------
solution: [1,0,0,1,1,1,0,1,1,1,0,0,0,0,1,0,0,0,1,0,0,0,0,0,0,1,0,1,1,0]
obj1: 0.39
obj2: 0.62
obj3: 0.34
--------------
solution: [1,1,0,1,0,0,0,0,0,0,1,0,1,0,1,1,0,0,0,1,0,0,0,0,0,0,0,0,1,0]
obj1: 0.42
obj2: 0.57
obj3: 0.52
--------------
solution: [1,0,0,1,1,0,0,1,1,1,0,0,1,0,1,1,0,0,0,1,0,1,0,0,0,1,0,1,1,1]
obj1: 0.38
obj2: 0.62
obj3: 0.37
--------------
solution: [1,1,0,0,0,0,0,0,0,0,0,0,1,1,1,1,0,0,0,0,0,1,0,1,1,0,1,0,1,0]
obj1: 0.59
obj2: 0.56
obj3: 0.37
--------------
solution: [1,1,0,0,0,0,0,0,0,1,0,0,0,0,1,1,0,0,0,0,0,0,0,0,1,0,0,0,1,0]
obj1: 0.47
obj2: 0.54
obj3: 0.65
--------------
solution: [1,1,0,0,0,0,0,0,0,0,0,0,1,0,0,0,0,0,1,0,0,1,0,0,1,0,0,0,1,0]
obj1: 0.5
obj2: 0.53
obj3: 0.6
--------------
solution: [1,1,0,1,1,0,0,0,0,0,1,0,1,0,1,1,0,0,1,1,1,0,0,1,1,1,0,0,1,0]
obj1: 0.45
obj2: 0.57
obj3: 0.46
--------------
solution: [1,0,0,1,1,0,0,1,1,0,0,0,1,0,1,0,0,0,0,0,0,1,0,1,1,0,0,0,1,0]
obj1: 0.41
obj2: 0.59
obj3: 0.38
--------------
solution: [1,1,0,0,0,0,0,0,0,0,1,0,1,0,1,0,0,0,0,0,0,1,0,1,1,0,1,0,1,0]
obj1: 0.64
obj2: 0.54
obj3: 0.31
--------------
solution: [1,0,0,1,0,1,0,1,1,1,1,0,0,0,1,0,0,0,0,0,1,0,1,0,0,1,1,0,0,1]
obj1: 0.52
obj2: 0.62
obj3: 0.27
--------------
solution: [1,1,0,0,0,0,0,0,0,0,1,0,1,0,1,0,1,0,0,1,1,0,1,0,0,1,0,0,1,0]
obj1: 0.49
obj2: 0.58
obj3: 0.34
--------------
solution: [1,1,0,0,0,0,1,0,0,0,0,0,1,0,1,0,0,0,1,0,0,1,0,0,1,1,0,0,1,0]
obj1: 0.5
obj2: 0.55
obj3: 0.56
--------------
solution: [1,1,0,0,0,0,0,0,0,0,1,0,1,0,1,0,1,1,0,0,1,1,0,1,1,0,1,0,1,0]
obj1: 0.64
obj2: 0.57
obj3: 0.25
--------------
solution: [1,0,0,1,1,0,0,1,1,1,1,0,1,0,1,0,0,0,1,0,0,0,0,1,1,0,1,0,1,0]
obj1: 0.48
obj2: 0.59
obj3: 0.28
--------------
solution: [0,0,0,1,1,0,0,1,1,0,0,0,1,0,1,0,0,0,0,0,0,1,0,0,1,0,0,0,1,0]
obj1: 0.34
obj2: 0.62
obj3: 0.38
--------------
solution: [1,0,0,1,1,0,0,0,0,0,0,0,1,0,1,1,0,0,0,0,1,0,1,1,0,1,0,0,1,1]
obj1: 0.35
obj2: 0.6
obj3: 0.49
--------------
solution: [1,0,0,1,0,0,0,0,0,0,1,0,0,1,1,1,0,0,0,0,0,0,0,1,0,1,1,0,1,0]
obj1: 0.55
obj2: 0.57
obj3: 0.33
--------------
solution: [1,1,0,1,0,0,0,0,0,1,0,0,0,0,1,1,0,0,0,0,0,0,0,0,1,0,0,0,1,0]
obj1: 0.44
obj2: 0.55
obj3: 0.6
--------------
solution: [1,0,1,1,1,1,1,0,0,0,1,0,1,1,1,0,0,0,0,1,1,1,0,1,1,1,1,0,0,0]
obj1: 0.59
obj2: 0.59
obj3: 0.27
--------------
solution: [1,0,0,1,1,0,0,0,0,0,0,0,1,0,1,1,0,0,0,0,1,1,0,0,1,1,0,1,1,0]
obj1: 0.36
obj2: 0.58
obj3: 0.4
--------------
solution: [1,0,0,0,0,0,0,1,0,0,0,0,1,0,0,0,0,0,1,0,0,1,0,0,0,1,0,0,1,0]
obj1: 0.33
obj2: 0.57
obj3: 0.7
--------------
