solution: [0,0,1,1,1,1,0,1,1,0,0,1,1,1,1,1,1,0,1,0,1,0,0,1,0,0,0,0,1,1]
obj1: 0.48
obj2: 0.71
obj3: 0.46
--------------
solution: [1,1,0,1,1,1,0,1,1,1,0,1,1,0,1,0,0,1,0,1,1,1,1,0,0,0,0,1,0,1]
obj1: 0.52
obj2: 0.67
obj3: 0.51
--------------
solution: [1,1,1,1,1,1,0,0,0,0,1,0,0,0,1,0,1,0,0,1,0,1,1,0,1,1,1,1,0,1]
obj1: 0.62
obj2: 0.69
obj3: 0.33
--------------
solution: [0,1,1,1,0,1,1,0,1,1,1,0,0,0,1,1,0,1,1,0,1,1,0,1,0,1,0,1,1,0]
obj1: 0.59
obj2: 0.69
obj3: 0.34
--------------
solution: [0,1,1,1,1,1,0,1,0,0,1,1,1,1,1,0,0,1,1,1,1,1,1,0,0,0,0,0,1,0]
obj1: 0.53
obj2: 0.69
obj3: 0.35
--------------
solution: [0,1,1,1,0,1,0,1,1,0,0,1,1,0,1,1,1,0,1,0,1,0,0,1,0,0,0,1,1,1]
obj1: 0.52
obj2: 0.7
obj3: 0.43
--------------
solution: [0,0,1,1,1,1,0,1,1,0,0,1,1,1,1,1,1,0,1,0,1,1,0,1,0,0,0,0,1,1]
obj1: 0.49
obj2: 0.71
obj3: 0.39
--------------
solution: [1,1,1,1,0,1,0,0,0,0,0,1,0,1,0,1,1,0,0,1,1,0,1,1,1,0,1,1,0,1]
obj1: 0.67
obj2: 0.68
obj3: 0.38
--------------
solution: [0,1,0,1,1,1,1,1,1,1,0,1,1,0,1,0,0,1,0,1,1,1,1,0,0,0,0,1,1,1]
obj1: 0.51
obj2: 0.7
obj3: 0.47
--------------
