solution: [1,0,1,1,1,0,0,1,1,0,0,0,1,0,0,1,0,0,0,1,1,1,0,0,1,1,0,0,1,1]
obj1: 0.43
obj2: 0.69
obj3: 0.23
--------------
solution: [1,1,0,0,0,0,0,0,0,0,1,1,0,1,1,1,0,0,0,1,1,0,0,0,1,1,1,0,0,0]
obj1: 0.66
obj2: 0.65
obj3: 0.26
--------------
solution: [1,0,1,1,1,0,0,1,1,0,0,0,1,0,0,1,0,0,1,1,1,1,0,0,1,0,0,0,1,0]
obj1: 0.41
obj2: 0.67
obj3: 0.24
--------------
solution: [1,0,0,1,0,0,0,1,0,0,0,0,1,0,1,1,0,0,1,1,1,1,1,0,0,1,0,0,1,0]
obj1: 0.37
obj2: 0.7
obj3: 0.23
--------------
solution: [1,1,0,1,1,0,0,1,0,0,0,0,1,1,1,1,0,0,1,1,1,1,0,0,1,1,0,0,1,1]
obj1: 0.45
obj2: 0.68
obj3: 0.21
--------------
solution: [1,0,0,1,1,0,0,1,0,0,0,0,1,0,1,0,0,0,0,1,1,0,0,0,0,1,0,1,1,1]
obj1: 0.37
obj2: 0.72
obj3: 0.22
--------------
solution: [1,0,1,1,1,0,0,0,1,0,0,1,1,0,1,1,0,0,1,1,1,1,0,0,0,1,0,0,1,1]
obj1: 0.44
obj2: 0.7
obj3: 0.21
--------------
solution: [0,0,0,1,1,0,0,1,0,0,0,1,1,0,1,1,0,0,0,1,1,0,0,0,1,1,0,1,1,1]
obj1: 0.42
obj2: 0.71
obj3: 0.21
--------------
solution: [0,0,0,1,1,0,0,1,1,0,0,0,1,0,0,1,0,0,0,1,1,1,0,0,0,0,0,0,1,0]
obj1: 0.33
obj2: 0.72
obj3: 0.28
--------------
solution: [1,0,1,1,1,0,0,1,0,0,0,0,1,0,1,1,0,0,1,1,0,0,1,0,0,1,0,0,1,0]
obj1: 0.36
obj2: 0.69
obj3: 0.24
--------------
solution: [1,0,1,1,1,0,0,1,1,0,0,0,1,1,1,1,0,0,1,1,1,1,0,0,1,1,0,0,1,1]
obj1: 0.45
obj2: 0.69
obj3: 0.2
--------------
solution: [1,0,0,1,1,0,0,0,1,0,0,0,1,1,1,1,0,0,0,1,1,0,0,1,0,1,0,1,1,1]
obj1: 0.46
obj2: 0.71
obj3: 0.19
--------------
solution: [1,1,0,1,1,0,0,1,0,0,0,0,1,1,1,1,0,0,1,1,1,0,0,0,1,1,0,0,1,1]
obj1: 0.44
obj2: 0.67
obj3: 0.22
--------------
solution: [1,0,1,1,1,0,0,0,1,0,0,0,1,0,0,0,0,0,1,1,1,1,0,0,0,1,0,0,1,1]
obj1: 0.43
obj2: 0.7
obj3: 0.22
--------------
solution: [1,0,1,0,1,0,0,0,1,0,0,0,0,0,1,0,0,0,1,1,1,0,0,0,1,1,0,0,1,1]
obj1: 0.47
obj2: 0.66
obj3: 0.18
--------------
solution: [1,0,0,0,1,0,0,0,1,0,0,1,0,0,0,1,0,0,1,1,1,0,0,0,0,0,0,0,1,0]
obj1: 0.41
obj2: 0.64
obj3: 0.32
--------------
solution: [1,0,0,1,1,0,0,1,0,0,0,1,1,0,0,1,0,0,1,1,1,0,0,0,0,0,0,0,1,0]
obj1: 0.34
obj2: 0.66
obj3: 0.35
--------------
solution: [1,0,0,1,1,0,0,1,1,0,0,0,1,0,0,1,0,0,0,1,1,1,0,0,1,0,0,0,1,0]
obj1: 0.38
obj2: 0.68
obj3: 0.25
--------------
