solution: [1,0,0,1,1,0,1,0,0,0,1,0,0,0,1,1,0,0,1,0,1,0,0,0,1,1,0,0,1,0]
obj1: 0.47
obj2: 0.79
obj3: 0.16
--------------
solution: [0,1,0,0,0,0,0,1,0,1,1,0,1,0,1,0,1,0,0,0,1,0,0,0,0,1,0,0,1,1]
obj1: 0.54
obj2: 0.81
obj3: 0.15
--------------
solution: [1,1,0,0,0,0,0,0,0,0,0,1,1,1,1,0,0,0,1,0,1,0,1,0,1,1,0,0,1,0]
obj1: 0.57
obj2: 0.78
obj3: 0.16
--------------
solution: [1,0,0,1,1,0,1,0,1,1,0,0,0,0,1,1,0,0,1,0,1,0,0,0,1,0,0,0,1,0]
obj1: 0.44
obj2: 0.79
obj3: 0.23
--------------
solution: [1,1,0,1,0,0,1,0,0,1,0,0,1,1,0,1,0,0,1,0,1,0,0,1,1,0,0,0,1,0]
obj1: 0.56
obj2: 0.77
obj3: 0.25
--------------
solution: [1,0,0,1,1,0,0,1,0,1,0,0,1,1,0,1,0,0,1,0,1,0,0,1,1,0,0,0,1,0]
obj1: 0.45
obj2: 0.78
obj3: 0.23
--------------
solution: [1,0,0,0,1,0,0,0,0,1,1,0,1,0,1,1,0,1,0,1,1,0,1,0,0,1,0,0,1,0]
obj1: 0.46
obj2: 0.8
obj3: 0.16
--------------
solution: [1,0,0,1,1,0,0,0,0,0,0,1,1,1,1,0,0,0,1,0,1,0,0,0,1,1,0,0,1,0]
obj1: 0.47
obj2: 0.78
obj3: 0.17
--------------
solution: [1,1,0,1,1,0,0,0,1,0,1,0,0,0,1,1,0,0,1,0,1,0,0,0,1,1,1,0,0,0]
obj1: 0.55
obj2: 0.79
obj3: 0.15
--------------
