solution: [0,0,0,0,1,0,0,1,0,1,0,1,1,0,1,1,0,1,1,0,0,1,1,0,0,1,0,1,1,0]
obj1: 0.49
obj2: 0.16
obj3: 0.12
--------------
solution: [1,0,1,1,1,0,1,0,0,0,0,0,1,0,0,0,0,1,0,1,0,1,1,0,0,1,0,1,1,1]
obj1: 0.55
obj2: 0.14
obj3: 0.12
--------------
solution: [0,0,0,1,1,0,1,1,0,1,0,0,1,0,1,1,1,0,1,1,0,0,0,0,0,0,0,1,1,1]
obj1: 0.47
obj2: 0.15
obj3: 0.14
--------------
solution: [0,0,0,0,1,0,0,1,0,1,0,0,0,0,1,0,0,1,0,0,0,0,1,0,0,1,0,1,1,0]
obj1: 0.48
obj2: 0.14
obj3: 0.15
--------------
solution: [0,0,1,0,1,0,0,1,1,1,0,0,1,0,1,1,0,1,1,0,0,1,1,0,0,0,0,0,1,0]
obj1: 0.49
obj2: 0.16
obj3: 0.12
--------------
solution: [1,0,1,1,1,0,1,1,1,0,0,0,1,0,1,1,1,0,1,0,0,1,1,0,0,1,0,1,1,1]
obj1: 0.5
obj2: 0.15
obj3: 0.13
--------------
solution: [1,0,1,0,1,0,0,1,1,1,0,0,0,0,1,0,0,1,0,0,0,0,1,0,0,0,0,1,0,1]
obj1: 0.58
obj2: 0.13
obj3: 0.15
--------------
solution: [0,0,1,1,1,0,0,1,0,1,0,0,1,0,0,1,0,1,0,0,1,0,0,0,0,0,0,0,1,1]
obj1: 0.42
obj2: 0.16
obj3: 0.13
--------------
solution: [1,0,0,1,1,0,0,1,0,0,0,0,1,0,0,1,0,0,0,0,1,1,0,1,0,1,0,0,1,0]
obj1: 0.38
obj2: 0.19
obj3: 0.12
--------------
solution: [0,0,0,1,1,0,0,1,0,1,0,0,1,0,1,1,0,1,1,0,1,0,1,0,0,1,0,0,1,0]
obj1: 0.39
obj2: 0.17
obj3: 0.13
--------------
solution: [0,0,1,0,1,0,1,1,0,1,0,0,0,0,0,1,0,1,0,0,1,1,0,0,0,0,0,1,0,1]
obj1: 0.58
obj2: 0.13
obj3: 0.15
--------------
solution: [1,0,1,1,1,0,1,1,1,0,0,0,0,0,1,1,1,0,1,0,0,1,1,0,0,1,0,1,1,1]
obj1: 0.52
obj2: 0.15
obj3: 0.12
--------------
solution: [1,0,0,1,1,0,0,1,0,0,0,1,1,0,1,0,0,0,1,0,1,0,0,0,0,1,0,0,1,0]
obj1: 0.36
obj2: 0.18
obj3: 0.14
--------------
solution: [1,0,1,1,1,0,0,1,0,0,1,0,0,0,1,1,0,0,0,0,1,1,0,0,0,1,0,1,1,1]
obj1: 0.47
obj2: 0.17
obj3: 0.12
--------------
solution: [1,0,1,0,1,0,0,1,0,1,1,0,0,0,1,0,0,1,0,1,0,1,1,0,0,1,0,1,1,1]
obj1: 0.58
obj2: 0.15
obj3: 0.11
--------------
solution: [0,0,1,0,1,0,0,1,1,1,0,0,0,0,1,0,0,1,0,0,0,0,1,0,0,1,0,1,1,0]
obj1: 0.53
obj2: 0.14
obj3: 0.13
--------------
solution: [0,0,0,0,1,0,1,1,0,1,0,0,0,0,1,0,0,1,0,0,0,0,1,0,0,0,0,0,0,1]
obj1: 0.57
obj2: 0.11
obj3: 0.21
--------------
solution: [0,0,0,1,1,0,1,1,0,0,0,0,0,0,0,1,0,0,1,1,0,0,0,0,0,0,0,1,1,1]
obj1: 0.45
obj2: 0.14
obj3: 0.17
--------------
solution: [0,0,1,1,1,0,1,1,0,1,0,0,0,0,0,0,0,1,0,0,0,0,0,0,0,0,0,0,0,1]
obj1: 0.58
obj2: 0.11
obj3: 0.16
--------------
