solution: [0,1,0,1,1,0,0,0,0,0,0,0,1,0,1,0,0,0,0,1,0,0,0,1,1,0,1,0,0,0]
obj1: 0.56
obj2: 0.47
obj3: 0.41
--------------
solution: [1,0,0,1,1,0,0,0,1,0,0,0,1,0,1,1,0,0,0,0,1,1,0,0,0,1,0,1,1,0]
obj1: 0.34
obj2: 0.53
obj3: 0.42
--------------
solution: [1,0,0,1,1,0,0,1,1,1,0,0,1,0,1,0,0,0,0,0,1,1,0,0,0,1,0,1,1,0]
obj1: 0.36
obj2: 0.51
obj3: 0.39
--------------
solution: [0,0,0,1,1,0,1,0,0,1,0,0,1,0,1,0,0,0,0,0,1,1,0,1,1,1,0,0,1,1]
obj1: 0.46
obj2: 0.48
obj3: 0.38
--------------
solution: [1,0,0,1,1,0,0,1,1,0,0,0,1,0,1,1,0,0,0,0,1,1,0,0,0,1,0,1,1,0]
obj1: 0.33
obj2: 0.54
obj3: 0.41
--------------
solution: [0,0,0,0,0,1,0,0,0,0,0,0,1,0,1,0,0,0,0,0,1,1,0,0,0,0,0,0,1,0]
obj1: 0.36
obj2: 0.49
obj3: 0.5
--------------
solution: [1,0,0,1,1,0,0,0,0,1,0,0,1,0,1,0,0,0,1,1,1,1,0,1,1,1,0,0,1,0]
obj1: 0.43
obj2: 0.47
obj3: 0.43
--------------
solution: [0,1,0,0,0,0,0,0,0,0,0,0,1,0,1,0,0,0,0,1,0,1,0,1,1,1,1,0,0,0]
obj1: 0.65
obj2: 0.44
obj3: 0.55
--------------
solution: [0,0,0,1,1,0,1,0,0,1,1,1,1,0,1,0,0,0,0,1,1,1,0,1,1,1,0,0,1,1]
obj1: 0.53
obj2: 0.5
obj3: 0.32
--------------
solution: [1,0,1,1,1,0,0,0,0,0,0,0,1,1,1,0,0,0,0,1,1,0,0,0,0,1,0,0,1,0]
obj1: 0.38
obj2: 0.5
obj3: 0.37
--------------
solution: [1,0,1,0,1,0,0,0,1,1,0,0,1,0,1,0,0,0,1,1,1,1,0,0,0,1,0,0,1,0]
obj1: 0.4
obj2: 0.5
obj3: 0.33
--------------
solution: [1,0,0,0,1,0,0,0,0,0,1,0,1,1,1,0,0,0,0,1,0,0,0,1,1,0,0,0,1,0]
obj1: 0.53
obj2: 0.48
obj3: 0.36
--------------
solution: [1,0,1,1,1,0,0,0,0,1,0,0,1,0,1,1,0,0,0,1,0,1,0,0,1,1,0,0,1,0]
obj1: 0.39
obj2: 0.49
obj3: 0.34
--------------
solution: [1,0,0,1,1,0,0,0,1,0,0,0,1,0,1,1,0,0,0,0,0,0,0,0,0,1,0,1,1,0]
obj1: 0.31
obj2: 0.55
obj3: 0.39
--------------
solution: [1,0,0,1,1,0,0,0,0,1,0,0,1,0,0,0,0,0,0,0,0,0,0,0,1,1,1,0,1,0]
obj1: 0.4
obj2: 0.47
obj3: 0.49
--------------
solution: [1,0,0,1,1,0,0,0,0,1,0,0,1,0,1,0,0,0,0,0,1,1,0,0,1,0,0,1,1,0]
obj1: 0.39
obj2: 0.47
obj3: 0.5
--------------
solution: [1,1,0,1,0,1,0,0,0,1,0,0,1,0,1,0,0,0,0,1,0,0,0,1,1,0,1,0,0,0]
obj1: 0.6
obj2: 0.45
obj3: 0.55
--------------
solution: [0,1,0,0,0,0,0,0,0,1,0,0,1,0,0,0,0,0,0,0,0,0,0,0,1,1,1,0,0,1]
obj1: 0.63
obj2: 0.44
obj3: 0.57
--------------
solution: [1,0,1,1,1,0,0,0,0,0,0,0,1,0,1,1,0,0,0,1,0,1,0,0,1,1,0,0,1,0]
obj1: 0.38
obj2: 0.51
obj3: 0.29
--------------
solution: [0,0,0,1,1,0,0,0,0,1,0,0,1,0,1,0,0,0,0,1,0,1,0,1,0,1,0,0,0,0]
obj1: 0.44
obj2: 0.46
obj3: 0.47
--------------
solution: [1,0,0,1,0,0,0,0,0,0,1,0,1,0,1,1,0,0,0,0,0,1,0,1,1,0,1,1,0,0]
obj1: 0.59
obj2: 0.49
obj3: 0.33
--------------
solution: [1,0,1,1,1,0,0,0,1,0,0,0,1,0,1,1,0,0,0,0,0,0,0,0,0,0,1,0,1,0]
obj1: 0.37
obj2: 0.56
obj3: 0.34
--------------
solution: [0,0,0,1,0,0,0,0,0,1,0,0,1,0,1,0,0,0,0,1,0,0,0,0,1,0,0,0,1,0]
obj1: 0.38
obj2: 0.44
obj3: 0.72
--------------
solution: [1,1,0,1,1,0,0,0,0,0,0,0,1,0,1,0,0,0,0,1,0,1,0,0,0,1,0,1,1,0]
obj1: 0.41
obj2: 0.48
obj3: 0.42
--------------
solution: [1,0,0,1,1,0,1,0,1,0,0,0,1,0,1,1,0,0,0,0,1,1,0,0,0,1,0,1,1,0]
obj1: 0.37
obj2: 0.53
obj3: 0.38
--------------
solution: [1,0,0,1,1,0,0,0,0,1,0,0,1,0,1,0,0,0,0,0,1,1,0,0,1,0,0,1,0,0]
obj1: 0.42
obj2: 0.46
obj3: 0.51
--------------
solution: [0,1,0,0,0,0,0,0,0,1,0,0,1,0,1,0,0,0,0,1,0,1,0,1,1,1,1,0,0,0]
obj1: 0.64
obj2: 0.43
obj3: 0.58
--------------
