solution: [0,1,1,1,0,1,1,0,1,1,1,0,0,0,1,1,0,1,1,0,1,1,0,1,0,1,0,1,1,0]
obj1: 0.59
obj2: 0.61
obj3: 0.38
--------------
solution: [0,1,0,1,0,1,0,0,0,1,0,0,0,0,1,0,0,1,1,0,0,1,1,1,1,0,0,1,0,1]
obj1: 0.65
obj2: 0.59
obj3: 0.38
--------------
solution: [0,1,1,1,0,1,0,0,0,1,1,0,0,0,1,1,0,1,1,0,1,0,0,1,0,1,0,1,0,0]
obj1: 0.6
obj2: 0.61
obj3: 0.31
--------------
solution: [0,1,0,1,1,1,0,1,1,0,0,1,1,1,1,1,1,0,0,1,1,0,1,0,0,1,1,0,1,0]
obj1: 0.49
obj2: 0.64
obj3: 0.37
--------------
solution: [0,1,0,1,0,1,0,0,1,1,0,0,0,0,1,0,0,1,1,1,1,1,1,0,0,0,0,1,1,1]
obj1: 0.54
obj2: 0.59
obj3: 0.52
--------------
solution: [1,1,0,1,1,1,0,1,1,1,0,1,1,0,1,1,0,0,0,0,1,0,1,0,0,0,0,1,0,1]
obj1: 0.46
obj2: 0.62
obj3: 0.4
--------------
solution: [1,1,0,1,1,1,0,1,1,1,0,1,1,0,1,1,0,0,1,1,0,1,1,1,0,0,0,1,0,1]
obj1: 0.51
obj2: 0.61
obj3: 0.4
--------------
solution: [1,1,0,1,1,1,0,1,1,0,0,0,1,0,1,0,0,1,0,1,1,1,1,0,0,0,0,0,0,1]
obj1: 0.48
obj2: 0.6
obj3: 0.5
--------------
solution: [0,1,0,1,0,1,0,0,0,1,0,0,0,0,1,0,0,1,1,0,0,1,0,0,0,0,0,1,0,1]
obj1: 0.61
obj2: 0.58
obj3: 0.42
--------------
solution: [0,1,0,1,1,1,0,1,1,1,0,1,0,1,1,1,0,1,1,0,1,0,0,1,0,1,0,0,1,0]
obj1: 0.51
obj2: 0.63
obj3: 0.37
--------------
solution: [0,1,1,1,0,1,0,0,1,1,0,0,0,0,1,0,0,1,1,1,1,1,1,1,0,0,0,1,1,1]
obj1: 0.58
obj2: 0.6
obj3: 0.42
--------------
