solution: [0,0,1,0,0,0,0,1,1,1,0,0,1,1,1,0,1,0,0,1,1,1,0,0,1,0,1,0,1,0]
obj1: 0.5129423040027642
obj2: 0.7994092362267631
obj3: 0.20149999856948853
--------------
solution: [,1,0,1,1,1,0,0,0,0,1,0,0,1,0,1,0,1,1,1,1,0,1,1,1,0,1,1,0,0,1]
obj1: 0.530653262981911
obj2: 0.7947671483544743
obj3: 0.18699997663497925
--------------
solution: [0,0,0,0,0,1,0,1,0,1,0,0,0,1,0,0,1,1,0,0,0,0,1,0,0,0,0,1,0,1]
obj1: 0.588427355325249
obj2: 0.7719035347302755
obj3: 0.17949998378753662
--------------
solution: [,1,0,1,0,0,0,0,0,1,1,1,1,1,0,0,1,1,0,0,0,0,0,0,0,0,1,0,1,0,0]
obj1: 0.5154410963042417
obj2: 0.7812713601372459
obj3: 0.218500018119812
--------------
solution: [,1,0,1,0,0,0,1,0,0,0,1,0,1,0,0,0,1,0,0,0,0,0,0,0,0,1,0,1,0,0]
obj1: 0.5337284985723608
obj2: 0.7833646684885025
obj3: 0.18949997425079346
--------------
solution: [,1,0,1,0,0,0,0,0,1,1,1,1,1,0,0,1,1,0,0,0,0,0,0,0,0,1,0,1,1,0]
obj1: 0.5256706299754105
obj2: 0.7828947355349859
obj3: 0.2120000123977661
--------------
solution: [0,0,0,0,0,0,0,1,0,1,0,0,0,1,0,0,1,1,1,0,0,0,1,0,0,0,0,1,0,0]
obj1: 0.542173505984197
obj2: 0.7622180432081223
obj3: 0.18150001764297485
--------------
solution: [,1,0,1,1,0,0,1,0,1,0,0,0,1,1,1,0,1,0,0,1,1,1,0,0,1,1,0,0,0,0]
obj1: 0.5048185312546837
obj2: 0.8015574642590114
obj3: 0.20499998331069946
--------------
