solution: [0,0,0,0,1,0,0,0,0,1,0,0,1,0,1,1,0,0,1,0,1,0,0,1,0,1,0,0,1,0]
obj1: 0.41
obj2: 0.78
obj3: 0.18
--------------
solution: [1,0,0,1,1,0,0,1,0,1,0,0,0,0,0,0,0,0,0,0,1,0,0,0,0,1,1,0,1,0]
obj1: 0.43
obj2: 0.77
obj3: 0.21
--------------
solution: [1,0,0,0,1,0,0,1,0,0,0,0,0,0,0,1,0,1,0,1,0,1,0,0,1,0,1,0,1,0]
obj1: 0.55
obj2: 0.81
obj3: 0.13
--------------
solution: [1,0,0,1,1,0,1,0,0,0,0,0,0,0,0,0,0,0,0,0,1,0,0,0,0,1,0,0,1,0]
obj1: 0.4
obj2: 0.78
obj3: 0.19
--------------
solution: [1,0,0,1,1,0,0,1,0,0,0,0,1,0,1,0,0,0,1,1,0,0,0,0,0,1,0,1,1,0]
obj1: 0.4
obj2: 0.8
obj3: 0.16
--------------
solution: [1,1,0,0,0,0,0,0,0,0,1,1,1,0,1,0,0,0,0,0,1,0,0,1,0,1,0,0,1,0]
obj1: 0.59
obj2: 0.77
obj3: 0.16
--------------
solution: [1,0,0,0,1,0,0,1,0,0,0,0,1,0,1,1,0,0,1,1,1,0,0,1,0,1,0,1,1,0]
obj1: 0.43
obj2: 0.79
obj3: 0.15
--------------
solution: [1,0,0,0,1,0,0,1,1,1,0,0,1,0,1,1,0,0,1,1,1,0,0,0,1,0,0,0,1,0]
obj1: 0.43
obj2: 0.79
obj3: 0.15
--------------
solution: [1,1,0,0,0,0,0,0,1,0,0,0,1,0,0,0,0,0,0,0,1,0,0,1,0,0,1,0,1,0]
obj1: 0.61
obj2: 0.76
obj3: 0.16
--------------
solution: [1,0,0,1,0,0,0,1,0,1,0,0,1,0,0,1,1,0,1,1,1,0,0,0,1,1,0,0,1,0]
obj1: 0.45
obj2: 0.79
obj3: 0.14
--------------
solution: [1,1,0,1,1,0,0,0,0,1,0,0,1,0,0,1,0,0,0,1,1,0,1,0,0,1,1,0,1,0]
obj1: 0.47
obj2: 0.78
obj3: 0.15
--------------
solution: [0,0,0,0,1,0,0,1,0,1,0,0,1,0,1,1,0,0,1,0,1,0,0,0,0,1,0,0,1,0]
obj1: 0.33
obj2: 0.79
obj3: 0.17
--------------
solution: [1,1,0,1,0,0,0,0,0,1,0,0,1,0,0,0,0,0,0,1,1,0,0,0,0,1,1,0,1,0]
obj1: 0.52
obj2: 0.75
obj3: 0.21
--------------
solution: [1,0,0,0,0,0,0,0,0,1,0,0,1,0,0,0,0,0,0,0,1,0,1,0,0,1,1,0,1,0]
obj1: 0.48
obj2: 0.76
obj3: 0.28
--------------
solution: [1,1,0,1,0,0,0,0,0,1,0,0,1,0,0,0,0,0,0,1,1,0,0,0,1,1,1,0,1,0]
obj1: 0.55
obj2: 0.76
obj3: 0.19
--------------
solution: [1,0,0,0,0,0,0,0,0,1,0,0,0,0,0,1,0,0,1,1,1,0,0,1,0,1,1,0,1,0]
obj1: 0.54
obj2: 0.77
obj3: 0.2
--------------
