solution: [0,1,0,0,0,0,1,0,1,1,0,1,1,0,0,1,0,0,1,0,1,0,0,0,0,1,1,0,0,0]
obj1: 0.47
obj2: 0.74
obj3: 0.29
--------------
solution: [,1,1,0,0,1,1,0,1,0,0,0,0,1,1,0,0,1,0,0,1,0,0,0,0,0,0,0,1,0,0]
obj1: 0.52
obj2: 0.71
obj3: 0.51
--------------
solution: [0,1,0,0,1,0,0,0,1,1,0,1,1,0,1,1,0,0,1,1,0,1,0,0,0,1,1,1,1,0]
obj1: 0.49
obj2: 0.73
obj3: 0.23
--------------
solution: [0,1,0,0,1,0,0,0,1,1,0,1,1,0,1,1,0,0,1,1,0,1,1,1,1,1,1,1,0,0]
obj1: 0.49
obj2: 0.74
obj3: 0.21
--------------
solution: [,1,0,1,1,1,1,1,1,1,0,1,1,1,0,0,1,0,1,1,0,1,1,1,0,0,1,0,0,0,1]
obj1: 0.54
obj2: 0.74
obj3: 0.17
--------------
solution: [,1,1,0,0,1,1,0,1,0,1,0,1,0,1,1,1,1,0,0,0,0,0,0,0,1,0,0,1,0,0]
obj1: 0.54
obj2: 0.71
obj3: 0.26
--------------
solution: [,1,1,0,1,0,1,0,1,1,1,0,0,1,0,1,0,1,0,1,0,0,1,0,0,0,0,1,1,0,0]
obj1: 0.49
obj2: 0.72
obj3: 0.25
--------------
solution: [0,1,1,0,0,0,1,1,1,0,1,1,0,0,1,1,1,1,1,0,1,0,1,1,0,1,0,0,0,0]
obj1: 0.54
obj2: 0.73
obj3: 0.18
--------------
solution: [,1,0,1,0,1,1,0,0,0,1,1,1,1,1,1,1,1,0,0,0,0,0,0,0,0,0,1,0,0,0]
obj1: 0.55
obj2: 0.71
obj3: 0.23
--------------
solution: [,1,0,1,1,1,1,1,0,0,1,0,0,1,0,1,1,1,0,1,0,1,1,1,0,0,1,0,0,0,0]
obj1: 0.52
obj2: 0.72
obj3: 0.21
--------------
solution: [,1,1,1,0,1,0,1,1,1,1,0,1,0,0,1,1,0,0,1,0,0,1,0,0,1,0,1,0,0,0]
obj1: 0.53
obj2: 0.72
obj3: 0.19
--------------
solution: [,1,0,1,0,1,0,1,1,1,1,0,1,1,0,1,1,1,0,1,0,0,1,1,1,0,1,1,0,1,0]
obj1: 0.52
obj2: 0.73
obj3: 0.19
--------------
solution: [0,1,0,1,1,1,0,1,0,0,0,1,1,0,0,1,0,0,1,0,1,0,0,0,0,1,1,0,0,0]
obj1: 0.47
obj2: 0.73
obj3: 0.34
--------------
