solution: [1,0,0,0,1,0,0,1,0,0,0,0,1,0,0,0,1,0,0,1,1,1,0,0,1,1,0,0,1,0]
obj1: 0.42
obj2: 0.75
obj3: 0.21
--------------
solution: [1,0,0,1,1,1,0,0,0,0,0,0,1,0,1,1,0,0,0,0,1,0,0,1,0,0,0,0,0,0]
obj1: 0.39
obj2: 0.77
obj3: 0.38
--------------
solution: [1,0,0,1,1,0,0,1,0,1,0,0,0,0,1,1,0,1,1,1,0,1,1,0,1,1,0,0,1,0]
obj1: 0.46
obj2: 0.77
obj3: 0.17
--------------
solution: [1,0,1,0,1,1,0,1,0,0,1,0,1,0,1,1,0,0,0,0,1,0,1,0,0,0,0,0,1,0]
obj1: 0.4
obj2: 0.79
obj3: 0.23
--------------
solution: [0,0,0,0,0,0,0,0,0,1,0,0,1,0,0,0,0,1,0,0,1,1,1,1,1,0,0,0,1,0]
obj1: 0.57
obj2: 0.74
obj3: 0.3
--------------
solution: [1,0,0,1,1,0,0,1,0,0,0,0,1,0,0,0,0,0,0,0,1,0,1,1,1,1,0,0,1,0]
obj1: 0.4
obj2: 0.75
obj3: 0.33
--------------
solution: [1,0,0,1,1,1,0,0,0,0,0,0,1,0,1,1,0,0,0,1,1,0,0,0,1,0,0,0,0,0]
obj1: 0.4
obj2: 0.77
obj3: 0.31
--------------
solution: [1,0,1,1,0,0,0,0,1,0,1,0,1,0,1,1,0,0,0,1,1,1,1,1,0,1,0,0,1,0]
obj1: 0.5
obj2: 0.76
obj3: 0.2
--------------
solution: [1,1,1,1,1,0,0,0,0,1,0,0,1,1,1,0,0,0,1,1,1,1,0,0,1,1,0,1,1,0]
obj1: 0.52
obj2: 0.75
obj3: 0.18
--------------
