solution: [0,1,0,1,1,0,0,1,0,1,0,0,1,1,0,1,0,1,0,1,0,1,0,0,1,1,1,0,1,1]
obj1: 0.54
obj2: 0.65
obj3: 0.25
--------------
solution: [1,0,1,0,0,0,0,0,0,0,0,0,1,0,0,1,0,1,1,1,1,0,1,0,1,1,0,0,1,1]
obj1: 0.49
obj2: 0.65
obj3: 0.5
--------------
solution: [0,1,1,1,0,1,0,0,0,1,0,1,1,0,0,0,0,0,1,1,0,0,0,0,1,1,1,0,0,1]
obj1: 0.64
obj2: 0.62
obj3: 0.48
--------------
solution: [1,0,0,1,1,1,0,1,1,1,0,1,0,1,1,0,0,0,1,1,1,1,1,1,0,1,0,0,1,1]
obj1: 0.53
obj2: 0.68
obj3: 0.23
--------------
solution: [1,1,1,1,0,0,0,0,0,1,0,0,0,1,1,1,1,0,0,1,1,0,0,1,1,1,0,0,0,0]
obj1: 0.61
obj2: 0.64
obj3: 0.25
--------------
solution: [1,1,1,1,1,1,0,1,0,1,0,1,1,0,0,1,0,0,0,1,0,1,0,1,1,0,0,1,1,0]
obj1: 0.55
obj2: 0.65
obj3: 0.2
--------------
solution: [0,1,0,1,0,1,0,0,0,1,1,0,1,1,1,0,0,0,0,1,1,1,1,0,0,1,0,1,1,0]
obj1: 0.56
obj2: 0.64
obj3: 0.33
--------------
solution: [1,1,0,1,0,1,0,0,1,1,0,1,1,0,0,1,0,0,0,1,0,1,0,1,1,1,0,1,1,0]
obj1: 0.57
obj2: 0.63
obj3: 0.34
--------------
solution: [1,1,0,1,1,0,1,1,1,1,0,0,1,0,1,1,1,1,0,1,0,0,0,0,0,1,0,1,0,1]
obj1: 0.52
obj2: 0.69
obj3: 0.27
--------------
solution: [0,0,1,1,1,0,0,1,1,0,0,0,0,0,0,1,1,0,0,0,0,1,0,1,0,1,0,0,1,0]
obj1: 0.48
obj2: 0.7
obj3: 0.26
--------------
