solution: [0,0,0,1,1,0,0,1,0,0,0,0,1,0,1,0,0,0,0,0,1,0,1,0,0,0,0,0,1,0]
obj1: 0.26
obj2: 0.61
obj3: 0.26
--------------
solution: [0,0,0,1,1,0,0,1,0,0,0,1,1,0,0,0,0,0,0,0,1,0,1,0,0,0,0,0,1,0]
obj1: 0.33
obj2: 0.61
obj3: 0.21
--------------
solution: [,1,0,1,1,1,1,0,1,1,0,0,0,0,0,0,0,0,0,0,0,1,0,0,0,0,1,0,0,1,0]
obj1: 0.4
obj2: 0.6
obj3: 0.28
--------------
solution: [0,0,0,1,1,0,0,1,0,0,0,0,1,0,0,1,0,0,0,0,1,0,0,0,0,1,0,0,1,0]
obj1: 0.22
obj2: 0.62
obj3: 0.3
--------------
solution: [0,0,0,1,1,0,0,1,0,0,0,0,1,0,1,0,0,0,0,0,1,0,0,0,0,1,0,0,1,0]
obj1: 0.24
obj2: 0.61
obj3: 0.31
--------------
solution: [,1,0,0,0,1,1,0,1,1,0,0,1,0,0,1,0,0,0,0,0,0,0,0,0,0,1,0,0,1,0]
obj1: 0.43
obj2: 0.59
obj3: 0.31
--------------
solution: [,1,0,0,0,1,1,0,1,0,0,0,0,1,0,1,0,0,0,0,0,0,0,0,0,0,1,0,0,1,0]
obj1: 0.31
obj2: 0.6
obj3: 0.36
--------------
solution: [0,0,0,1,1,0,0,1,0,0,1,1,1,0,0,1,0,0,0,0,1,0,0,0,0,1,0,0,1,0]
obj1: 0.36
obj2: 0.62
obj3: 0.2
--------------
solution: [,1,0,0,0,1,1,0,1,1,1,1,1,0,1,0,0,1,0,1,0,1,0,0,0,0,1,0,0,1,0]
obj1: 0.55
obj2: 0.6
obj3: 0.19
--------------
solution: [,1,0,0,1,1,0,1,1,1,1,0,0,1,0,0,0,0,0,0,0,0,0,0,0,0,1,0,0,1,0]
obj1: 0.37
obj2: 0.6
obj3: 0.3
--------------
solution: [0,0,0,0,1,0,0,1,0,1,0,1,1,0,1,0,0,0,0,0,1,0,1,0,0,1,0,0,1,0]
obj1: 0.37
obj2: 0.61
obj3: 0.18
--------------
solution: [,1,0,0,0,1,1,0,1,0,1,0,0,1,0,1,0,0,0,0,0,0,0,0,0,0,1,0,0,1,0]
obj1: 0.34
obj2: 0.6
obj3: 0.35
--------------
solution: [0,0,0,1,1,0,0,1,0,1,0,0,1,0,0,0,0,0,0,0,1,0,0,0,0,1,0,0,1,0]
obj1: 0.27
obj2: 0.61
obj3: 0.23
--------------
solution: [,1,0,1,1,1,1,0,1,1,1,1,0,0,0,1,0,0,0,0,0,1,0,0,0,0,1,0,0,1,0]
obj1: 0.45
obj2: 0.6
obj3: 0.21
--------------
