solution: [0,0,1,1,1,1,0,1,1,0,0,1,1,1,1,1,1,0,1,0,1,0,0,1,0,0,0,0,1,1]
obj1: 0.48
obj2: 0.59
obj3: 0.44
--------------
solution: [0,1,0,1,1,0,1,1,1,1,0,0,0,1,1,0,0,1,1,1,1,1,1,0,0,0,0,1,1,1]
obj1: 0.53
obj2: 0.56
obj3: 0.43
--------------
solution: [1,0,1,0,1,1,1,0,1,1,0,1,1,0,1,1,0,0,1,1,0,0,1,0,0,0,0,1,0,1]
obj1: 0.51
obj2: 0.57
obj3: 0.44
--------------
solution: [0,0,0,1,1,0,0,1,1,0,0,0,1,0,1,0,1,1,1,1,0,1,1,1,0,1,1,0,0,0]
obj1: 0.52
obj2: 0.58
obj3: 0.39
--------------
solution: [0,0,0,1,1,1,1,1,1,0,0,0,1,0,1,1,0,0,1,1,0,1,0,1,1,1,0,0,0,1]
obj1: 0.48
obj2: 0.55
obj3: 0.46
--------------
solution: [1,0,0,1,1,1,0,0,1,0,1,0,0,0,0,0,0,0,1,1,1,1,0,0,0,1,0,0,1,1]
obj1: 0.46
obj2: 0.54
obj3: 0.64
--------------
solution: [1,0,1,1,0,0,0,1,0,0,1,0,1,0,1,1,0,0,0,0,0,1,0,0,1,1,1,1,0,1]
obj1: 0.53
obj2: 0.53
obj3: 0.46
--------------
solution: [1,0,0,1,1,0,0,0,1,0,1,0,0,0,1,1,1,0,1,0,1,1,0,0,0,1,0,1,1,0]
obj1: 0.44
obj2: 0.57
obj3: 0.53
--------------
solution: [1,1,1,1,1,0,1,0,1,1,0,0,1,0,0,1,0,0,1,1,1,0,1,0,1,0,0,1,1,1]
obj1: 0.48
obj2: 0.54
obj3: 0.59
--------------
solution: [0,1,0,1,1,0,0,0,0,0,0,0,1,0,1,0,0,0,0,1,0,0,0,1,1,0,1,0,0,0]
obj1: 0.56
obj2: 0.47
obj3: 0.41
--------------
solution: [1,0,0,0,1,0,1,0,1,1,0,1,0,0,1,0,1,0,1,1,0,0,0,0,1,1,0,0,0,1]
obj1: 0.56
obj2: 0.54
obj3: 0.36
--------------
solution: [0,0,0,1,0,0,0,0,0,1,1,1,1,0,1,0,0,0,0,1,1,1,0,0,0,1,0,1,1,1]
obj1: 0.49
obj2: 0.49
obj3: 0.51
--------------
solution: [0,0,1,1,1,1,0,0,1,1,0,0,0,0,1,1,1,1,1,0,0,1,0,0,1,1,0,0,1,0]
obj1: 0.5
obj2: 0.58
obj3: 0.41
--------------
solution: [0,1,0,0,1,1,0,1,1,1,0,0,1,1,1,1,0,1,1,0,1,1,0,0,1,1,1,1,1,1]
obj1: 0.52
obj2: 0.55
obj3: 0.44
--------------
solution: [1,0,1,1,1,0,0,0,0,1,1,0,0,0,1,1,0,1,0,1,0,0,1,1,0,1,0,1,0,0]
obj1: 0.55
obj2: 0.57
obj3: 0.4
--------------
