solution: [,1,0,1,0,1,1,0,1,1,1,1,1,0,1,1,1,1,1,0,1,1,1,0,0,1,0,0,0,1,1]
obj1: 0.58
obj2: 0.63
obj3: 0.19
--------------
solution: [0,0,1,1,1,1,0,1,1,0,0,1,1,0,1,0,1,0,0,0,1,0,0,0,0,1,0,0,1,1]
obj1: 0.45
obj2: 0.61
obj3: 0.29
--------------
solution: [0,0,0,1,1,0,1,1,0,1,0,1,1,0,1,0,1,0,0,0,1,0,0,0,0,1,0,0,1,1]
obj1: 0.43
obj2: 0.62
obj3: 0.21
--------------
solution: [0,0,0,1,1,0,1,1,0,1,0,0,0,0,0,0,0,0,0,1,1,1,0,0,1,1,0,0,1,0]
obj1: 0.44
obj2: 0.64
obj3: 0.2
--------------
solution: [0,0,1,1,1,1,0,1,0,1,0,0,0,0,0,0,0,0,1,0,0,0,0,1,0,0,0,0,0,0]
obj1: 0.51
obj2: 0.6
obj3: 0.47
--------------
solution: [0,0,0,1,1,0,0,1,0,1,0,1,0,0,1,0,1,0,1,0,1,0,0,0,0,1,0,0,1,0]
obj1: 0.41
obj2: 0.62
obj3: 0.24
--------------
solution: [,1,0,1,1,1,1,0,1,0,1,1,1,0,0,1,1,0,1,0,1,1,0,0,0,0,0,0,0,1,0]
obj1: 0.49
obj2: 0.62
obj3: 0.2
--------------
