solution: [1,0,0,0,1,0,1,1,0,0,1,1,1,0,0,0,0,1,0,0,1,0,1,0,0,0,1,0,1,1]
obj1: 0.6
obj2: 0.12
obj3: 0.12
--------------
solution: [1,0,0,0,1,0,1,1,0,1,0,1,1,1,1,1,1,0,1,1,0,0,1,1,1,0,0,1,1,1]
obj1: 0.6
obj2: 0.12
obj3: 0.12
--------------
solution: [1,0,0,1,1,0,1,1,0,0,0,0,1,0,0,0,1,1,0,1,0,0,0,0,0,1,1,0,0,0]
obj1: 0.56
obj2: 0.12
obj3: 0.13
--------------
solution: [0,0,1,1,1,0,1,1,0,0,0,0,1,0,0,0,0,0,1,0,0,0,1,1,1,1,0,1,0,0]
obj1: 0.58
obj2: 0.11
obj3: 0.14
--------------
solution: [1,0,0,0,1,0,1,1,0,0,1,1,1,0,0,0,0,0,0,0,1,0,1,0,0,1,0,0,1,1]
obj1: 0.52
obj2: 0.12
obj3: 0.15
--------------
solution: [1,0,0,1,1,0,0,0,0,1,0,0,0,0,0,0,1,0,1,1,1,0,0,0,1,1,0,0,1,0]
obj1: 0.49
obj2: 0.14
obj3: 0.14
--------------
solution: [1,0,1,0,1,0,1,1,0,1,0,1,1,1,1,0,1,1,1,1,0,1,1,0,1,0,0,1,1,1]
obj1: 0.64
obj2: 0.12
obj3: 0.11
--------------
solution: [1,0,0,1,1,0,0,1,1,1,0,0,0,0,1,1,0,0,0,1,1,1,0,0,0,0,1,0,1,0]
obj1: 0.48
obj2: 0.15
obj3: 0.11
--------------
solution: [0,0,0,1,0,0,0,1,0,1,0,0,1,0,0,0,0,0,0,0,1,0,0,0,1,1,0,1,1,0]
obj1: 0.44
obj2: 0.14
obj3: 0.15
--------------
solution: [0,0,0,0,1,0,0,1,1,1,0,0,0,0,1,1,1,1,1,1,0,0,0,0,0,1,0,0,1,0]
obj1: 0.52
obj2: 0.13
obj3: 0.1
--------------
solution: [0,0,1,1,1,0,0,1,1,0,0,0,0,0,1,1,0,1,1,1,0,0,0,0,0,1,0,0,1,1]
obj1: 0.51
obj2: 0.13
obj3: 0.11
--------------
solution: [1,1,1,0,0,0,1,0,0,0,0,1,0,1,0,0,1,1,1,1,0,1,1,1,0,0,0,1,0,1]
obj1: 0.8
obj2: 0.11
obj3: 0.11
--------------
solution: [1,0,1,0,0,0,1,0,0,0,0,1,1,1,1,1,0,0,0,0,0,0,1,0,0,1,0,1,0,1]
obj1: 0.62
obj2: 0.11
obj3: 0.12
--------------
