solution: [0,1,0,0,1,1,0,1,0,1,1,1,0,0,1,1,1,1,0,0,1,0,0,0,0,1,1,0,1,0]
obj1: 0.61
obj2: 0.82
obj3: 0.11
--------------
solution: [0,1,0,1,0,1,0,1,1,0,1,0,1,0,1,1,1,0,0,0,1,0,0,0,1,0,0,0,1,0]
obj1: 0.55
obj2: 0.81
obj3: 0.14
--------------
solution: [0,1,0,0,0,1,1,0,1,0,1,0,0,1,0,0,0,0,0,0,0,1,0,0,1,1,1,0,1,0]
obj1: 0.77
obj2: 0.8
obj3: 0.26
--------------
solution: [0,1,0,0,1,1,0,1,1,0,1,0,1,1,1,0,0,0,0,1,1,0,0,0,1,0,1,1,1,0]
obj1: 0.63
obj2: 0.81
obj3: 0.13
--------------
solution: [0,1,0,0,1,1,0,1,1,0,0,0,1,0,1,1,1,0,0,1,0,0,0,0,0,1,0,0,1,0]
obj1: 0.49
obj2: 0.82
obj3: 0.12
--------------
solution: [1,0,0,0,1,1,0,1,1,0,0,0,1,0,1,1,1,0,0,1,1,0,0,0,0,0,0,0,0,0]
obj1: 0.47
obj2: 0.84
obj3: 0.14
--------------
