solution: [0,1,0,1,1,0,0,0,0,0,0,0,1,0,1,0,0,0,0,1,0,0,0,1,1,0,1,0,0,0]
obj1: 0.56
obj2: 0.47
obj3: 0.41
--------------
solution: [1,0,0,0,1,0,1,0,1,1,0,1,0,0,1,0,1,0,1,1,0,0,0,0,1,1,0,0,0,1]
obj1: 0.56
obj2: 0.54
obj3: 0.36
--------------
solution: [1,1,1,1,1,1,0,0,0,0,0,1,0,1,1,1,0,1,1,1,0,1,0,1,0,0,1,0,0,0]
obj1: 0.62
obj2: 0.55
obj3: 0.33
--------------
solution: [0,1,0,1,1,0,0,0,0,0,0,1,1,0,1,0,0,0,0,1,0,0,0,1,1,1,1,0,0,0]
obj1: 0.58
obj2: 0.49
obj3: 0.4
--------------
solution: [0,0,0,1,0,0,0,0,0,1,1,1,1,0,1,1,0,0,1,1,0,1,0,0,0,1,0,1,1,1]
obj1: 0.48
obj2: 0.51
obj3: 0.45
--------------
solution: [1,0,1,0,1,0,1,1,1,0,0,0,0,1,1,0,0,1,0,1,1,0,0,0,1,0,1,1,0,1]
obj1: 0.6
obj2: 0.56
obj3: 0.35
--------------
solution: [1,0,0,0,0,1,0,0,0,0,0,0,1,0,1,0,0,0,1,1,1,1,0,1,1,1,0,0,1,1]
obj1: 0.49
obj2: 0.48
obj3: 0.44
--------------
solution: [1,0,1,0,1,1,1,0,0,1,1,0,0,1,1,1,0,1,1,1,0,1,0,1,0,0,1,0,0,0]
obj1: 0.64
obj2: 0.54
obj3: 0.35
--------------
solution: [0,0,0,1,0,0,0,1,1,0,0,0,1,0,1,1,1,0,0,1,0,1,0,0,0,1,1,1,0,1]
obj1: 0.49
obj2: 0.56
obj3: 0.37
--------------
solution: [1,0,0,1,0,0,0,0,0,1,1,1,1,0,1,1,0,0,1,0,0,1,0,0,0,1,0,1,1,1]
obj1: 0.47
obj2: 0.51
obj3: 0.49
--------------
solution: [1,0,1,0,1,0,0,1,1,1,0,0,1,0,1,0,0,0,0,0,0,0,0,0,1,1,0,0,0,0]
obj1: 0.42
obj2: 0.52
obj3: 0.4
--------------
solution: [1,0,0,1,1,0,0,0,1,0,0,0,1,0,1,1,0,0,0,0,1,1,0,0,0,1,0,1,1,0]
obj1: 0.34
obj2: 0.53
obj3: 0.42
--------------
solution: [0,1,0,1,1,0,0,0,0,0,0,0,1,0,1,0,0,0,0,1,0,0,0,1,1,0,0,0,0,0]
obj1: 0.51
obj2: 0.47
obj3: 0.47
--------------
solution: [0,0,0,1,1,0,1,0,0,0,0,0,1,0,1,0,0,0,0,1,0,0,0,1,1,0,0,0,1,1]
obj1: 0.46
obj2: 0.5
obj3: 0.57
--------------
solution: [1,1,1,1,0,1,0,0,0,0,0,0,1,0,1,1,0,0,0,1,0,0,0,0,1,1,0,1,0,1]
obj1: 0.52
obj2: 0.51
obj3: 0.38
--------------
solution: [1,0,1,0,1,1,1,0,0,1,1,0,0,1,1,1,0,0,0,0,1,1,0,1,0,0,1,0,0,0]
obj1: 0.62
obj2: 0.53
obj3: 0.36
--------------
solution: [0,0,0,1,0,0,0,0,0,1,1,1,1,0,1,0,0,0,1,1,1,1,0,1,0,1,0,1,1,1]
obj1: 0.53
obj2: 0.5
obj3: 0.42
--------------
solution: [1,0,1,1,1,0,0,0,0,0,0,0,1,0,0,0,0,0,1,1,1,1,0,1,1,0,0,0,1,0]
obj1: 0.45
obj2: 0.5
obj3: 0.63
--------------
