solution: [1,0,0,1,0,0,0,0,1,0,0,0,1,0,0,1,0,0,1,1,1,0,0,0,0,0,1,0,1,0]
obj1: 0.4
obj2: 0.68
obj3: 0.37
--------------
solution: [0,0,0,1,1,1,0,0,0,1,0,0,1,0,1,1,0,0,0,0,1,0,0,0,1,1,0,0,1,0]
obj1: 0.36
obj2: 0.71
obj3: 0.26
--------------
solution: [1,0,0,1,0,0,0,0,0,0,0,0,0,0,0,1,1,0,1,1,1,0,0,0,0,0,1,0,1,0]
obj1: 0.45
obj2: 0.67
obj3: 0.4
--------------
solution: [0,1,0,0,0,0,0,1,0,0,0,0,1,0,1,1,0,0,1,0,1,1,0,1,1,1,0,0,1,0]
obj1: 0.48
obj2: 0.68
obj3: 0.25
--------------
solution: [1,0,0,0,1,0,0,1,0,1,0,0,1,0,0,1,0,0,1,1,1,0,0,0,1,1,0,0,1,0]
obj1: 0.35
obj2: 0.68
obj3: 0.47
--------------
solution: [0,1,0,0,0,0,0,0,0,0,0,0,1,0,0,0,0,0,1,1,1,1,1,0,1,0,1,0,1,0]
obj1: 0.57
obj2: 0.67
obj3: 0.28
--------------
solution: [0,0,0,1,1,1,0,0,0,1,0,0,1,0,1,1,0,0,0,1,1,1,0,0,1,1,0,0,1,0]
obj1: 0.4
obj2: 0.7
obj3: 0.28
--------------
solution: [1,1,1,1,0,0,0,0,0,0,1,0,1,1,1,0,0,0,1,1,1,1,0,0,1,1,1,0,1,0]
obj1: 0.58
obj2: 0.68
obj3: 0.18
--------------
solution: [1,0,0,0,1,0,0,0,0,1,0,1,1,0,0,1,0,0,1,1,1,0,0,0,0,0,1,0,1,0]
obj1: 0.42
obj2: 0.67
obj3: 0.45
--------------
solution: [1,0,0,1,1,0,0,0,0,1,1,0,1,0,1,0,1,0,1,1,1,0,0,0,1,1,1,0,1,0]
obj1: 0.49
obj2: 0.69
obj3: 0.17
--------------
solution: [1,0,0,1,1,0,0,0,0,1,1,0,1,0,1,0,1,0,1,0,1,0,0,0,1,1,1,0,1,0]
obj1: 0.48
obj2: 0.7
obj3: 0.18
--------------
solution: [0,1,0,1,0,0,0,1,0,0,0,0,1,0,0,1,0,0,1,1,1,1,0,0,1,0,1,0,1,0]
obj1: 0.48
obj2: 0.67
obj3: 0.3
--------------
solution: [0,0,0,1,1,0,0,0,0,0,0,0,1,0,1,0,0,0,1,0,1,0,1,0,1,1,0,0,1,0]
obj1: 0.35
obj2: 0.69
obj3: 0.32
--------------
solution: [1,0,0,0,1,0,0,0,0,1,0,0,1,0,0,1,0,0,1,1,1,0,0,0,1,1,0,0,1,0]
obj1: 0.37
obj2: 0.67
obj3: 0.47
--------------
solution: [0,0,0,1,1,0,0,0,0,0,0,0,1,0,1,0,0,0,1,0,1,1,0,0,0,0,0,0,1,0]
obj1: 0.3
obj2: 0.7
obj3: 0.3
--------------
solution: [1,0,0,1,0,0,0,0,1,0,0,0,1,0,0,1,0,0,1,0,1,1,1,0,1,1,1,0,1,0]
obj1: 0.46
obj2: 0.69
obj3: 0.23
--------------
solution: [0,1,0,1,1,0,0,0,0,1,1,0,1,0,1,1,0,0,1,1,1,0,0,0,0,1,0,0,1,0]
obj1: 0.41
obj2: 0.69
obj3: 0.24
--------------
solution: [0,1,0,1,1,0,0,0,0,1,1,0,1,0,1,0,0,0,0,1,1,0,0,0,0,1,0,0,1,0]
obj1: 0.43
obj2: 0.7
obj3: 0.22
--------------
solution: [1,0,0,1,0,0,0,0,0,0,0,0,1,0,1,0,0,0,1,0,1,0,0,0,1,0,1,0,1,0]
obj1: 0.44
obj2: 0.66
obj3: 0.41
--------------
