solution: [1,0,0,1,1,0,0,0,1,0,0,0,1,0,1,0,1,0,1,1,1,0,1,1,0,1,0,1,1,1]
obj1: 0.5
obj2: 0.84
obj3: 0.14
--------------
solution: [0,0,0,0,1,1,0,1,1,1,0,1,1,0,0,0,1,1,1,1,0,1,1,0,1,0,0,0,1,0]
obj1: 0.58
obj2: 0.84
obj3: 0.13
--------------
solution: [0,0,0,0,1,0,0,0,1,0,0,0,1,0,1,1,0,1,1,1,1,0,0,0,1,1,1,1,0,1]
obj1: 0.56
obj2: 0.83
obj3: 0.14
--------------
solution: [1,1,1,0,1,1,0,1,0,1,1,1,1,0,0,1,0,1,0,1,1,1,0,0,0,0,1,1,1,0]
obj1: 0.61
obj2: 0.83
obj3: 0.12
--------------
solution: [0,1,0,0,1,0,0,1,1,1,0,1,1,0,1,1,1,0,1,0,0,1,1,0,1,0,1,0,1,0]
obj1: 0.56
obj2: 0.83
obj3: 0.14
--------------
