solution: [1,1,1,1,1,0,0,0,0,1,0,0,1,1,1,0,0,0,1,1,1,1,0,0,1,1,0,1,1,0]
obj1: 0.52
obj2: 0.75
obj3: 0.18
--------------
solution: [1,0,0,1,1,0,0,0,0,1,1,0,1,0,1,0,0,0,0,0,0,1,0,0,0,0,0,0,1,0]
obj1: 0.41
obj2: 0.74
obj3: 0.26
--------------
solution: [1,1,1,1,1,0,0,0,0,1,0,0,1,0,0,0,0,0,1,1,1,1,0,0,1,1,0,0,1,0]
obj1: 0.48
obj2: 0.74
obj3: 0.21
--------------
solution: [1,0,0,1,1,0,0,1,0,0,0,0,1,0,0,0,0,0,0,0,1,0,1,0,0,1,0,0,1,0]
obj1: 0.28
obj2: 0.76
obj3: 0.32
--------------
solution: [1,0,0,1,1,0,0,1,0,1,0,0,1,0,1,1,0,0,0,0,0,0,1,0,0,1,0,0,1,0]
obj1: 0.3
obj2: 0.76
obj3: 0.28
--------------
solution: [1,0,0,1,1,0,0,0,0,1,1,0,1,0,1,0,0,0,0,1,1,0,0,0,0,0,0,0,1,0]
obj1: 0.39
obj2: 0.75
obj3: 0.19
--------------
solution: [1,0,0,1,1,0,0,0,0,1,0,0,1,1,1,0,0,0,1,1,1,1,1,0,1,1,0,0,1,1]
obj1: 0.47
obj2: 0.76
obj3: 0.18
--------------
solution: [1,0,0,1,1,1,0,1,0,0,0,1,1,1,1,1,0,0,1,1,1,1,0,0,1,1,0,0,1,0]
obj1: 0.46
obj2: 0.77
obj3: 0.16
--------------
solution: [1,0,0,0,1,0,0,1,0,0,0,0,1,0,0,0,0,0,0,0,1,0,0,0,0,0,0,0,1,0]
obj1: 0.21
obj2: 0.76
obj3: 0.49
--------------
solution: [1,0,0,1,1,0,0,1,0,0,0,0,1,0,0,0,0,0,0,0,1,0,1,0,1,1,0,0,1,0]
obj1: 0.34
obj2: 0.75
obj3: 0.31
--------------
