solution: [0,0,0,1,1,1,0,1,1,1,0,0,0,0,0,0,0,0,0,0,0,0,0,0,0,1,0,0,1,0]
obj1: 0.35
obj2: 0.57
obj3: 0.54
--------------
solution: [,1,0,0,0,1,0,0,1,1,0,0,0,1,0,0,0,0,0,1,0,1,0,0,0,0,0,0,0,1,1]
obj1: 0.3
obj2: 0.58
obj3: 0.5
--------------
solution: [,1,1,0,1,1,1,0,1,0,1,0,0,1,0,1,0,0,0,1,0,0,1,1,1,0,1,1,0,1,1]
obj1: 0.48
obj2: 0.59
obj3: 0.31
--------------
solution: [0,1,0,1,1,0,1,1,0,1,0,0,1,1,0,1,1,0,1,0,0,1,0,0,0,1,1,0,1,1]
obj1: 0.5
obj2: 0.59
obj3: 0.3
--------------
solution: [0,0,0,0,1,1,0,0,0,1,0,0,0,0,1,0,0,0,0,0,0,0,1,0,0,0,0,0,0,1]
obj1: 0.47
obj2: 0.56
obj3: 0.49
--------------
solution: [0,0,0,0,1,0,1,1,0,1,0,0,1,0,1,1,0,0,0,1,1,0,0,0,0,1,0,0,1,0]
obj1: 0.32
obj2: 0.58
obj3: 0.38
--------------
solution: [,1,1,0,1,1,1,0,1,0,1,0,0,1,0,0,0,0,0,1,0,0,1,1,1,0,1,1,0,1,1]
obj1: 0.49
obj2: 0.6
obj3: 0.29
--------------
solution: [0,0,0,0,1,1,0,1,0,1,0,0,0,0,1,0,0,0,0,0,0,0,1,0,0,0,0,0,0,1]
obj1: 0.43
obj2: 0.56
obj3: 0.52
--------------
solution: [,1,1,0,0,1,0,0,1,1,0,0,0,1,0,0,0,0,0,0,0,0,0,0,0,0,0,0,0,1,1]
obj1: 0.37
obj2: 0.57
obj3: 0.41
--------------
solution: [0,0,0,0,1,0,1,1,0,1,0,0,1,0,1,1,0,1,0,0,1,0,0,0,0,0,0,0,1,1]
obj1: 0.37
obj2: 0.58
obj3: 0.32
--------------
solution: [0,0,1,0,1,0,1,1,1,0,0,0,1,0,1,1,0,0,0,0,1,0,0,0,0,1,0,0,1,0]
obj1: 0.34
obj2: 0.58
obj3: 0.37
--------------
