solution: [0,0,0,1,1,0,0,1,1,0,0,0,1,0,1,1,0,0,1,1,1,0,1,0,0,1,1,0,0,1]
obj1: 0.39
obj2: 0.66
obj3: 0.36
--------------
solution: [1,0,0,1,1,0,0,0,0,0,1,1,0,0,1,0,0,0,1,1,0,1,1,1,1,0,0,0,1,1]
obj1: 0.55
obj2: 0.56
obj3: 0.32
--------------
solution: [1,0,0,1,1,1,0,0,1,0,1,0,0,0,1,0,0,0,0,1,1,1,0,0,0,1,0,0,1,1]
obj1: 0.45
obj2: 0.58
obj3: 0.46
--------------
solution: [1,0,0,1,0,0,0,0,1,1,0,0,1,0,0,1,0,0,1,1,1,1,1,0,1,0,0,0,0,1]
obj1: 0.46
obj2: 0.57
obj3: 0.58
--------------
solution: [1,0,0,1,1,1,0,0,1,0,0,0,0,0,0,0,0,0,1,0,1,0,0,0,0,1,0,0,1,1]
obj1: 0.38
obj2: 0.6
obj3: 0.47
--------------
solution: [0,0,0,1,0,0,0,1,1,0,0,0,1,0,1,1,0,0,1,0,1,0,0,0,0,0,0,1,1,0]
obj1: 0.31
obj2: 0.65
obj3: 0.48
--------------
solution: [1,0,0,1,1,1,0,1,0,0,0,0,1,0,1,1,0,1,0,1,1,0,0,0,0,1,0,1,1,1]
obj1: 0.38
obj2: 0.63
obj3: 0.44
--------------
solution: [1,0,0,1,1,0,0,0,0,0,1,1,0,0,1,0,0,0,1,1,0,1,0,0,1,0,0,0,1,1]
obj1: 0.51
obj2: 0.54
obj3: 0.38
--------------
solution: [1,0,0,1,1,1,0,0,0,0,1,0,1,1,1,0,0,0,0,1,1,0,1,0,0,1,0,0,1,1]
obj1: 0.44
obj2: 0.6
obj3: 0.31
--------------
solution: [1,0,0,1,1,1,0,1,1,1,1,0,0,0,1,0,0,0,1,0,1,0,0,0,0,1,0,0,1,1]
obj1: 0.42
obj2: 0.59
obj3: 0.37
--------------
solution: [1,0,0,1,0,0,0,0,0,1,0,0,1,0,1,0,0,1,0,1,1,1,0,0,0,1,0,0,1,1]
obj1: 0.43
obj2: 0.56
obj3: 0.71
--------------
solution: [1,0,0,1,1,1,0,0,0,0,1,0,0,0,0,0,0,0,1,1,1,1,0,0,1,0,0,0,1,0]
obj1: 0.48
obj2: 0.54
obj3: 0.54
--------------
solution: [1,1,1,1,1,0,0,0,1,0,0,0,1,0,1,1,0,0,1,1,1,0,1,0,0,1,0,0,1,0]
obj1: 0.39
obj2: 0.61
obj3: 0.37
--------------
solution: [1,0,1,1,1,0,0,0,0,1,1,0,1,0,1,1,0,1,0,1,0,0,1,1,0,1,0,0,0,0]
obj1: 0.5
obj2: 0.61
obj3: 0.27
--------------
solution: [1,0,1,1,1,0,0,0,0,0,0,0,1,1,1,0,0,0,0,0,1,0,0,0,0,0,0,0,1,1]
obj1: 0.38
obj2: 0.58
obj3: 0.6
--------------
solution: [1,0,1,1,1,0,0,0,0,1,1,0,0,0,1,1,0,1,0,1,0,0,1,1,0,1,0,0,0,0]
obj1: 0.53
obj2: 0.6
obj3: 0.27
--------------
solution: [1,0,0,1,1,0,0,0,0,0,1,0,1,0,1,1,0,0,1,1,0,1,1,1,1,0,0,0,1,1]
obj1: 0.47
obj2: 0.58
obj3: 0.32
--------------
solution: [1,0,0,1,1,1,0,0,0,0,0,0,1,0,1,1,0,0,0,1,0,0,0,0,0,0,0,0,1,1]
obj1: 0.32
obj2: 0.59
obj3: 0.52
--------------
solution: [1,0,0,1,1,0,0,1,0,0,1,0,0,0,1,0,0,1,0,1,1,0,0,0,0,1,0,1,1,1]
obj1: 0.44
obj2: 0.6
obj3: 0.31
--------------
solution: [1,0,0,1,1,1,0,0,1,1,1,0,0,0,0,0,0,0,1,1,1,1,0,0,0,1,0,0,1,0]
obj1: 0.46
obj2: 0.56
obj3: 0.6
--------------
solution: [1,0,0,1,0,0,0,0,0,1,1,1,1,0,1,0,0,0,0,1,1,1,0,0,0,1,0,0,1,1]
obj1: 0.47
obj2: 0.55
obj3: 0.54
--------------
solution: [1,0,0,0,0,0,0,0,0,1,0,0,0,0,1,0,0,0,0,1,1,0,1,1,1,0,0,0,1,1]
obj1: 0.52
obj2: 0.52
obj3: 0.75
--------------
solution: [1,0,0,1,1,0,0,0,0,0,0,0,1,1,1,1,0,0,1,1,1,0,1,0,1,0,0,0,1,1]
obj1: 0.4
obj2: 0.57
obj3: 0.65
--------------
solution: [1,0,0,1,0,0,0,0,0,1,0,0,1,0,0,0,0,0,0,1,1,0,0,0,0,1,0,0,1,1]
obj1: 0.35
obj2: 0.54
obj3: 0.74
--------------
solution: [1,0,0,1,1,0,0,0,0,0,1,1,0,0,1,0,0,0,0,1,0,1,0,0,1,0,0,0,1,1]
obj1: 0.51
obj2: 0.53
obj3: 0.4
--------------
solution: [1,0,0,1,1,0,0,1,0,1,0,1,1,0,1,1,0,0,0,0,0,1,1,0,1,0,0,0,1,0]
obj1: 0.39
obj2: 0.58
obj3: 0.48
--------------
solution: [0,0,0,1,1,0,0,1,1,0,0,0,1,0,1,0,0,0,1,1,0,0,1,0,0,1,0,0,0,1]
obj1: 0.37
obj2: 0.66
obj3: 0.44
--------------
solution: [1,0,0,1,1,0,1,0,0,0,1,1,0,0,1,0,0,0,1,1,0,1,0,0,1,0,0,0,1,1]
obj1: 0.53
obj2: 0.55
obj3: 0.37
--------------
solution: [1,0,0,0,1,0,0,0,0,0,1,0,0,1,1,0,1,0,0,1,1,0,0,0,0,0,0,0,1,1]
obj1: 0.5
obj2: 0.56
obj3: 0.34
--------------
