solution: [1,1,1,1,1,0,0,1,1,1,0,1,1,1,1,1,0,0,0,0,0,0,1,0,0,1,0,1,0,1]
obj1: 0.57
obj2: 0.13
obj3: 0.11
--------------
solution: [1,0,0,0,1,0,1,1,0,0,1,1,1,0,0,0,0,1,0,0,1,0,1,0,0,0,1,0,1,1]
obj1: 0.6
obj2: 0.12
obj3: 0.12
--------------
solution: [1,0,0,0,1,0,1,1,0,1,0,1,1,1,1,1,1,0,1,1,0,0,1,1,1,0,0,1,1,1]
obj1: 0.6
obj2: 0.12
obj3: 0.12
--------------
solution: [0,0,0,0,0,0,0,0,0,1,0,0,0,0,1,1,0,1,1,1,0,0,0,0,0,1,0,0,1,1]
obj1: 0.55
obj2: 0.14
obj3: 0.1
--------------
solution: [1,1,1,1,1,0,0,0,0,0,0,0,1,0,0,1,0,1,0,1,1,1,0,0,0,0,0,1,0,1]
obj1: 0.57
obj2: 0.13
obj3: 0.11
--------------
solution: [1,0,0,1,1,0,0,0,0,0,0,0,0,0,1,0,1,0,0,0,1,0,0,1,0,0,0,0,1,1]
obj1: 0.49
obj2: 0.14
obj3: 0.16
--------------
