solution: [0,0,0,1,1,0,0,1,1,0,0,0,1,0,0,1,0,0,1,0,1,0,0,1,0,1,0,0,0,1]
obj1: 0.42
obj2: 0.72
obj3: 0.28
--------------
solution: [0,1,0,0,1,0,0,1,1,0,0,0,1,0,0,1,0,0,1,0,0,0,1,0,0,0,0,1,1,1]
obj1: 0.46
obj2: 0.71
obj3: 0.22
--------------
solution: [0,0,0,0,1,0,1,1,0,0,1,0,1,0,1,1,1,0,1,1,1,0,0,0,1,0,0,1,1,0]
obj1: 0.5
obj2: 0.72
obj3: 0.2
--------------
solution: [0,1,0,0,1,0,1,1,0,0,1,0,1,1,1,0,1,0,1,1,0,0,1,0,0,0,0,0,0,0]
obj1: 0.6
obj2: 0.7
obj3: 0.19
--------------
solution: [0,1,1,0,0,0,0,1,1,0,1,0,1,0,0,0,1,0,1,1,1,0,0,0,0,0,0,0,1,0]
obj1: 0.56
obj2: 0.72
obj3: 0.14
--------------
solution: [0,1,0,1,1,1,0,1,1,0,0,0,0,0,1,1,0,0,0,0,0,0,1,0,0,0,0,0,0,0]
obj1: 0.46
obj2: 0.69
obj3: 0.25
--------------
solution: [0,1,0,1,1,1,0,1,1,0,0,0,0,0,1,1,0,0,0,0,1,0,0,0,1,0,0,0,0,0]
obj1: 0.48
obj2: 0.7
obj3: 0.24
--------------
solution: [0,0,1,1,1,0,1,1,0,1,1,1,1,0,0,1,0,0,0,0,1,0,1,1,1,1,0,0,1,0]
obj1: 0.53
obj2: 0.73
obj3: 0.14
--------------
solution: [,1,0,0,0,1,1,0,1,1,0,0,0,0,0,1,1,0,0,0,0,0,0,0,0,1,0,0,0,1,0]
obj1: 0.42
obj2: 0.7
obj3: 0.3
--------------
solution: [0,0,1,1,0,1,1,1,1,1,1,0,1,1,1,0,1,0,1,1,0,0,1,0,0,0,0,0,1,0]
obj1: 0.57
obj2: 0.71
obj3: 0.15
--------------
solution: [,1,1,0,0,1,1,0,1,1,1,1,0,1,0,0,0,0,1,1,1,1,0,0,1,0,1,0,0,1,0]
obj1: 0.55
obj2: 0.72
obj3: 0.15
--------------
solution: [0,0,0,0,1,0,1,1,1,0,0,0,1,0,1,1,1,0,1,1,1,0,0,0,1,0,0,0,1,0]
obj1: 0.45
obj2: 0.72
obj3: 0.21
--------------
solution: [,1,0,1,1,0,0,1,1,1,1,1,0,0,0,1,1,0,0,1,1,1,0,0,0,1,0,0,0,1,0]
obj1: 0.52
obj2: 0.72
obj3: 0.16
--------------
solution: [,1,0,0,1,1,0,0,1,0,0,1,0,1,0,0,0,1,0,1,1,1,0,0,0,0,0,0,0,1,0]
obj1: 0.43
obj2: 0.71
obj3: 0.24
--------------
solution: [0,1,0,1,0,0,0,1,1,0,1,0,1,0,0,1,0,0,1,1,1,1,1,1,0,1,0,1,1,0]
obj1: 0.53
obj2: 0.74
obj3: 0.13
--------------
solution: [0,1,0,0,1,0,1,1,0,0,1,0,1,0,0,1,1,0,1,1,0,0,1,0,0,0,0,1,1,0]
obj1: 0.53
obj2: 0.71
obj3: 0.17
--------------
