solution: [1,0,1,1,1,1,1,0,1,1,0,1,1,0,1,1,0,1,1,0,1,0,1,0,0,1,0,1,1,1]
obj1: 0.54
obj2: 0.16
obj3: 0.12
--------------
solution: [1,0,1,0,1,0,0,1,1,0,0,0,1,0,1,1,1,0,1,0,0,1,0,0,1,1,0,0,1,1]
obj1: 0.49
obj2: 0.17
obj3: 0.13
--------------
solution: [1,0,1,0,1,1,1,1,1,1,0,1,1,0,1,0,0,0,1,1,1,1,0,0,0,1,0,1,1,1]
obj1: 0.54
obj2: 0.16
obj3: 0.12
--------------
solution: [0,1,0,1,1,0,1,1,0,0,1,0,1,0,1,0,1,0,0,0,1,0,0,0,0,1,0,0,0,1]
obj1: 0.52
obj2: 0.15
obj3: 0.19
--------------
solution: [0,1,0,1,1,0,1,1,0,0,1,0,1,1,1,0,0,0,0,0,1,0,0,0,0,1,0,0,0,1]
obj1: 0.53
obj2: 0.16
obj3: 0.18
--------------
solution: [1,0,1,0,1,0,1,0,0,0,0,1,1,1,1,0,0,1,1,1,0,0,1,0,0,0,0,1,0,0]
obj1: 0.63
obj2: 0.14
obj3: 0.18
--------------
solution: [0,0,1,0,1,1,1,0,0,1,0,1,0,0,0,1,0,1,0,1,0,0,1,1,0,0,1,1,0,1]
obj1: 0.71
obj2: 0.14
obj3: 0.17
--------------
solution: [1,0,1,0,1,0,0,1,1,0,0,0,1,0,1,1,1,0,1,1,0,1,1,1,0,0,0,1,0,0]
obj1: 0.55
obj2: 0.15
obj3: 0.15
--------------
solution: [0,0,1,1,0,1,1,1,1,1,1,0,0,0,1,0,0,1,0,0,0,0,1,1,0,0,0,0,0,1]
obj1: 0.69
obj2: 0.13
obj3: 0.19
--------------
solution: [0,1,1,1,1,0,1,1,0,1,1,0,0,0,1,1,0,1,1,0,0,1,0,0,0,1,1,0,0,1]
obj1: 0.62
obj2: 0.15
obj3: 0.12
--------------
