solution: [0,1,0,1,0,0,0,1,1,0,1,0,1,0,0,1,0,0,1,1,1,1,1,1,0,1,0,1,1,0]
obj1: 0.53
obj2: 0.74
obj3: 0.13
--------------
solution: [0,1,0,1,1,0,0,1,1,1,0,0,0,0,1,1,0,0,0,1,1,0,0,0,1,0,0,0,0,0]
obj1: 0.47
obj2: 0.71
obj3: 0.18
--------------
solution: [0,0,1,0,1,0,0,1,1,0,0,0,1,0,1,1,0,0,1,0,0,0,1,0,0,0,0,0,1,0]
obj1: 0.38
obj2: 0.69
obj3: 0.23
--------------
solution: [0,0,0,0,1,0,0,1,1,0,1,0,1,0,0,0,1,0,1,1,1,0,1,0,0,0,0,0,1,1]
obj1: 0.49
obj2: 0.72
obj3: 0.14
--------------
solution: [0,0,0,1,1,1,0,1,1,0,0,0,0,0,0,0,1,0,1,0,1,0,0,0,0,0,0,0,1,0]
obj1: 0.43
obj2: 0.7
obj3: 0.2
--------------
solution: [0,1,1,0,0,0,0,1,1,0,1,0,1,0,0,0,0,0,1,1,1,0,0,0,0,0,0,0,1,0]
obj1: 0.54
obj2: 0.72
obj3: 0.13
--------------
solution: [0,0,1,1,1,0,1,1,0,1,0,0,1,0,0,1,0,0,1,0,1,0,1,1,1,1,0,0,1,0]
obj1: 0.47
obj2: 0.73
obj3: 0.16
--------------
solution: [0,0,1,0,1,0,0,1,1,1,1,0,1,1,1,0,1,0,1,1,0,0,1,0,0,0,0,0,0,0]
obj1: 0.57
obj2: 0.69
obj3: 0.18
--------------
solution: [0,1,0,1,1,0,0,1,1,1,0,0,0,0,1,1,0,0,0,1,1,0,0,0,0,0,0,0,0,0]
obj1: 0.44
obj2: 0.7
obj3: 0.19
--------------
solution: [0,1,0,0,1,0,0,1,1,0,0,0,1,0,0,0,0,0,0,0,0,0,1,0,0,0,0,0,0,0]
obj1: 0.47
obj2: 0.67
obj3: 0.22
--------------
solution: [0,0,0,0,1,0,0,1,1,0,1,0,1,0,1,1,1,1,0,0,1,0,1,0,0,0,0,0,1,1]
obj1: 0.48
obj2: 0.72
obj3: 0.16
--------------
solution: [0,0,0,0,1,0,1,1,0,0,0,0,1,0,0,1,1,0,1,1,0,0,1,0,0,0,0,0,1,0]
obj1: 0.42
obj2: 0.71
obj3: 0.2
--------------
solution: [0,0,0,1,1,1,0,1,1,0,0,1,0,0,0,0,1,0,1,0,1,0,0,0,0,0,0,0,1,0]
obj1: 0.48
obj2: 0.7
obj3: 0.17
--------------
solution: [0,1,0,1,0,1,1,1,1,1,1,0,1,0,1,1,0,0,0,0,1,0,1,0,0,0,0,1,1,0]
obj1: 0.52
obj2: 0.71
obj3: 0.14
--------------
solution: [0,0,0,1,1,0,0,1,1,0,0,1,1,0,1,1,0,0,0,0,0,0,1,0,0,0,0,0,1,0]
obj1: 0.37
obj2: 0.7
obj3: 0.21
--------------
solution: [0,0,0,1,1,0,0,1,1,0,0,0,0,0,1,1,0,0,0,0,1,0,0,0,0,0,0,0,1,0]
obj1: 0.31
obj2: 0.7
obj3: 0.23
--------------
solution: [0,1,0,1,1,1,0,1,1,1,0,0,1,0,1,1,0,0,0,0,0,0,1,0,0,0,0,0,0,0]
obj1: 0.44
obj2: 0.69
obj3: 0.21
--------------
solution: [0,0,1,0,1,1,0,1,1,1,0,0,0,0,1,1,1,0,1,1,0,0,1,0,0,0,0,0,0,0]
obj1: 0.51
obj2: 0.69
obj3: 0.2
--------------
solution: [0,0,0,0,1,0,0,1,1,0,0,0,1,0,1,1,0,1,0,1,1,0,1,0,0,0,0,0,1,0]
obj1: 0.4
obj2: 0.72
obj3: 0.17
--------------
solution: [0,0,0,1,1,0,0,1,1,1,0,0,0,1,1,0,0,0,0,0,0,0,0,0,0,0,0,0,0,0]
obj1: 0.46
obj2: 0.67
obj3: 0.29
--------------
