solution: [,1,1,0,1,1,1,0,1,1,1,0,0,0,0,1,0,0,0,1,0,0,1,1,0,1,1,1,0,1,1]
obj1: 0.5
obj2: 0.58
obj3: 0.33
--------------
solution: [0,0,0,0,1,0,1,1,0,1,0,1,1,1,1,1,0,0,0,1,1,0,0,0,0,0,0,0,1,1]
obj1: 0.43
obj2: 0.58
obj3: 0.35
--------------
solution: [0,0,0,1,1,1,0,1,1,1,0,0,0,0,0,0,0,0,0,0,0,0,0,0,0,1,0,0,1,0]
obj1: 0.35
obj2: 0.57
obj3: 0.54
--------------
solution: [0,1,0,0,1,1,1,1,0,1,0,0,0,0,0,1,1,0,0,1,1,0,0,0,0,0,0,0,0,0]
obj1: 0.51
obj2: 0.57
obj3: 0.45
--------------
solution: [,1,0,0,0,1,0,0,1,1,0,0,0,1,0,0,0,0,0,1,0,1,0,0,0,0,0,0,0,1,1]
obj1: 0.3
obj2: 0.58
obj3: 0.5
--------------
solution: [,1,1,0,1,1,1,0,1,0,1,0,0,1,0,1,0,0,0,1,0,0,1,1,1,0,1,1,0,1,1]
obj1: 0.48
obj2: 0.59
obj3: 0.31
--------------
solution: [0,1,0,1,1,0,1,1,0,1,0,0,1,1,0,1,1,0,1,0,0,1,0,0,0,1,1,0,1,1]
obj1: 0.5
obj2: 0.59
obj3: 0.3
--------------
solution: [0,0,0,0,1,1,0,0,0,1,0,0,0,0,1,0,0,0,0,0,0,0,1,0,0,0,0,0,0,1]
obj1: 0.47
obj2: 0.56
obj3: 0.49
--------------
solution: [0,0,0,0,1,0,1,1,0,1,0,0,1,0,1,1,0,0,0,1,1,0,0,0,0,1,0,0,1,0]
obj1: 0.32
obj2: 0.58
obj3: 0.38
--------------
solution: [0,1,0,1,1,1,0,1,1,0,0,1,0,1,1,0,0,0,1,0,0,1,1,0,1,0,0,0,1,0]
obj1: 0.53
obj2: 0.57
obj3: 0.44
--------------
