solution: [0,0,0,1,0,0,0,0,0,0,0,0,1,0,0,1,0,1,1,0,0,1,0,0,1,0,0,0,1,0]
obj1: 0.52
obj2: 0.83
obj3: 0.1
--------------
solution: [0,0,0,1,1,0,0,1,0,0,0,0,1,0,0,1,0,0,1,0,1,1,0,0,0,0,0,0,1,0]
obj1: 0.34
obj2: 0.84
obj3: 0.1
--------------
solution: [0,0,0,1,0,0,0,0,1,0,0,0,1,0,0,1,0,0,0,1,1,0,0,0,0,1,0,0,1,0]
obj1: 0.39
obj2: 0.82
obj3: 0.12
--------------
solution: [0,0,0,1,0,0,0,0,0,0,0,0,1,0,0,0,0,0,0,1,1,0,0,0,1,0,0,0,1,0]
obj1: 0.45
obj2: 0.81
obj3: 0.13
--------------
solution: [0,0,0,1,0,0,0,0,0,0,0,0,0,0,0,1,0,0,0,0,1,1,0,0,1,0,0,0,1,0]
obj1: 0.48
obj2: 0.82
obj3: 0.11
--------------
solution: [0,0,0,1,1,0,0,0,0,0,0,0,1,0,0,1,0,0,0,1,1,0,0,0,0,0,0,0,1,0]
obj1: 0.32
obj2: 0.83
obj3: 0.11
--------------
