solution: [0,0,0,0,0,0,0,1,0,0,0,0,1,0,1,1,0,0,1,0,0,0,0,0,0,0,0,0,1,0]
obj1: 0.31
obj2: 0.82
obj3: 0.13
--------------
solution: [0,0,0,0,0,0,0,0,0,1,0,0,1,0,1,0,0,0,0,0,1,0,0,0,0,0,0,0,1,0]
obj1: 0.38
obj2: 0.79
obj3: 0.22
--------------
solution: [0,0,0,0,0,0,0,1,0,0,0,0,1,0,1,1,0,0,0,0,1,0,0,0,0,0,0,0,1,0]
obj1: 0.29
obj2: 0.82
obj3: 0.14
--------------
solution: [0,0,0,1,0,0,0,0,0,0,0,0,1,0,1,1,0,0,0,0,1,0,0,0,0,0,1,0,1,0]
obj1: 0.41
obj2: 0.8
obj3: 0.13
--------------
solution: [0,0,0,1,1,1,0,0,0,0,0,1,1,0,1,1,0,0,0,0,1,0,0,0,0,1,0,0,1,0]
obj1: 0.42
obj2: 0.83
obj3: 0.09
--------------
solution: [0,0,0,1,0,0,0,0,1,1,0,0,1,0,0,1,0,0,0,0,0,0,1,0,0,0,0,0,1,0]
obj1: 0.4
obj2: 0.8
obj3: 0.14
--------------
solution: [0,0,0,1,1,0,0,1,1,1,0,0,1,0,0,1,0,0,0,0,1,0,0,0,0,1,0,0,1,0]
obj1: 0.35
obj2: 0.83
obj3: 0.11
--------------
solution: [0,0,0,0,0,0,0,1,0,1,0,0,1,0,1,1,0,0,0,0,1,0,0,0,0,0,0,0,1,0]
obj1: 0.33
obj2: 0.81
obj3: 0.16
--------------
solution: [0,0,0,1,0,0,0,0,0,0,0,0,1,0,1,1,0,0,1,0,1,0,0,0,0,0,0,0,1,0]
obj1: 0.34
obj2: 0.81
obj3: 0.13
--------------
solution: [0,1,0,1,1,0,0,1,0,1,0,0,1,0,1,1,0,0,0,0,0,0,0,0,0,1,0,0,1,0]
obj1: 0.39
obj2: 0.82
obj3: 0.1
--------------
solution: [0,1,0,1,0,0,0,0,0,0,0,0,1,0,1,1,0,0,1,0,1,0,0,0,0,1,0,0,1,0]
obj1: 0.42
obj2: 0.81
obj3: 0.1
--------------
solution: [0,0,0,1,1,0,0,0,0,0,0,0,1,0,1,1,0,0,1,1,0,0,0,0,0,0,0,0,1,0]
obj1: 0.37
obj2: 0.82
obj3: 0.12
--------------
