solution: [1,1,0,0,1,0,0,0,1,0,0,0,1,0,0,1,0,0,1,0,1,0,0,1,1,1,0,0,1,0]
obj1: 0.49
obj2: 0.79
obj3: 0.18
--------------
solution: [1,1,1,0,1,1,0,0,1,1,0,0,1,1,1,1,1,0,1,1,1,1,0,0,1,1,1,1,1,0]
obj1: 0.58
obj2: 0.81
obj3: 0.12
--------------
solution: [0,0,0,1,1,0,0,1,1,0,0,0,1,0,1,1,0,0,1,0,1,0,0,0,0,0,0,0,1,1]
obj1: 0.32
obj2: 0.82
obj3: 0.19
--------------
solution: [0,0,0,1,1,1,0,0,0,0,0,0,1,0,1,0,0,0,1,1,1,0,0,0,0,0,0,0,1,0]
obj1: 0.36
obj2: 0.8
obj3: 0.17
--------------
solution: [1,1,0,1,1,0,0,0,0,1,0,0,1,0,0,1,1,0,1,1,1,1,0,0,0,0,0,0,1,0]
obj1: 0.46
obj2: 0.8
obj3: 0.13
--------------
solution: [1,0,0,1,1,1,0,0,0,0,0,0,1,0,0,1,0,1,1,0,1,1,1,0,0,0,0,0,1,0]
obj1: 0.43
obj2: 0.81
obj3: 0.15
--------------
solution: [1,1,1,0,0,0,0,0,0,0,1,0,1,0,1,1,1,0,1,0,1,1,1,0,1,1,1,1,0,0]
obj1: 0.63
obj2: 0.8
obj3: 0.12
--------------
solution: [0,0,0,1,0,0,0,1,1,0,0,0,1,0,0,1,1,0,1,1,1,0,1,0,0,0,0,0,1,1]
obj1: 0.42
obj2: 0.82
obj3: 0.15
--------------
solution: [1,1,1,1,1,1,0,0,0,0,0,0,1,1,0,0,0,0,0,0,1,0,0,0,1,1,1,1,1,1]
obj1: 0.57
obj2: 0.79
obj3: 0.17
--------------
solution: [1,1,0,0,0,1,1,0,0,0,1,0,1,0,0,0,0,0,0,0,1,0,0,0,1,1,1,0,1,0]
obj1: 0.63
obj2: 0.78
obj3: 0.17
--------------
solution: [0,0,0,1,1,1,0,0,0,0,0,0,1,0,1,0,0,0,0,0,1,0,0,1,0,0,0,0,1,0]
obj1: 0.39
obj2: 0.79
obj3: 0.24
--------------
solution: [1,1,0,1,1,0,0,1,1,1,0,0,1,0,1,1,0,0,0,0,1,0,0,1,1,1,0,0,1,0]
obj1: 0.45
obj2: 0.8
obj3: 0.16
--------------
solution: [1,1,0,0,0,0,0,0,1,0,0,0,1,1,0,1,1,0,0,0,1,0,0,1,1,0,1,0,1,0]
obj1: 0.64
obj2: 0.79
obj3: 0.16
--------------
