solution: [1,0,0,1,0,0,1,1,0,0,0,1,0,0,1,1,0,0,1,1,1,1,1,0,1,1,0,0,0,1]
obj1: 0.57
obj2: 0.85
obj3: 0.09
--------------
solution: [1,0,0,1,1,1,0,1,0,1,0,0,1,1,1,1,0,1,0,0,1,1,0,0,0,1,0,1,0,1]
obj1: 0.53
obj2: 0.85
obj3: 0.1
--------------
solution: [1,0,0,1,1,0,0,0,0,1,0,1,1,0,1,1,0,0,1,0,1,1,1,0,1,1,1,0,1,1]
obj1: 0.53
obj2: 0.82
obj3: 0.11
--------------
solution: [1,1,1,1,1,1,0,0,1,0,0,1,0,0,1,1,0,0,1,1,1,1,0,0,0,1,0,1,1,1]
obj1: 0.57
obj2: 0.85
obj3: 0.09
--------------
solution: [1,0,0,0,1,1,1,0,0,0,0,0,1,0,1,0,0,1,1,0,1,1,1,0,1,1,1,0,1,0]
obj1: 0.58
obj2: 0.83
obj3: 0.1
--------------
solution: [0,1,0,1,0,0,0,0,1,1,1,0,1,0,1,0,0,0,0,0,1,0,0,0,0,0,0,0,1,0]
obj1: 0.54
obj2: 0.81
obj3: 0.14
--------------
solution: [0,1,1,1,0,1,0,0,1,1,0,1,1,0,1,1,0,0,0,0,1,1,0,0,0,1,1,0,1,1]
obj1: 0.58
obj2: 0.83
obj3: 0.1
--------------
solution: [0,1,0,1,0,0,1,1,0,0,0,0,1,0,1,1,1,0,0,1,1,0,1,0,1,1,0,1,1,1]
obj1: 0.54
obj2: 0.84
obj3: 0.1
--------------
solution: [0,0,0,1,0,1,0,0,0,1,0,1,1,0,1,1,0,0,0,0,1,1,1,0,0,1,1,0,1,0]
obj1: 0.53
obj2: 0.82
obj3: 0.11
--------------
solution: [0,0,0,1,0,0,1,1,0,0,1,0,1,0,1,0,0,0,1,0,1,0,0,0,0,0,0,0,1,0]
obj1: 0.47
obj2: 0.83
obj3: 0.11
--------------
solution: [0,0,0,1,1,0,0,0,0,1,0,1,1,0,1,1,0,0,1,0,1,0,0,0,0,0,0,0,1,0]
obj1: 0.42
obj2: 0.82
obj3: 0.12
--------------
