solution: [1,0,0,1,0,0,1,1,0,0,0,1,0,0,1,1,0,0,1,1,1,1,1,0,1,1,0,0,0,1]
obj1: 0.57
obj2: 0.85
obj3: 0.09
--------------
solution: [1,1,1,1,1,1,0,0,1,0,0,1,0,0,1,1,0,0,1,1,1,1,0,0,0,1,0,1,1,1]
obj1: 0.57
obj2: 0.85
obj3: 0.09
--------------
solution: [0,0,0,0,0,0,0,0,1,1,0,0,1,0,1,1,0,0,1,0,1,0,0,0,0,0,0,0,1,0]
obj1: 0.41
obj2: 0.81
obj3: 0.13
--------------
solution: [0,0,0,1,0,0,0,1,0,0,0,0,1,0,0,1,0,0,0,0,1,0,0,0,0,0,0,1,1,1]
obj1: 0.37
obj2: 0.84
obj3: 0.11
--------------
solution: [0,0,0,1,1,0,0,0,1,1,0,0,1,0,1,1,0,0,1,0,1,0,0,0,0,0,0,0,1,0]
obj1: 0.39
obj2: 0.82
obj3: 0.12
--------------
solution: [1,1,0,1,1,0,0,0,0,1,0,0,1,0,1,1,0,0,0,0,0,0,1,0,1,1,1,0,0,0]
obj1: 0.54
obj2: 0.81
obj3: 0.11
--------------
solution: [0,0,0,0,0,0,0,0,1,1,0,0,1,0,1,1,0,0,1,0,0,0,0,0,0,0,0,0,1,0]
obj1: 0.41
obj2: 0.81
obj3: 0.13
--------------
solution: [0,0,0,1,1,0,0,0,0,0,0,0,1,0,0,0,0,0,0,0,1,1,0,0,1,1,0,0,1,0]
obj1: 0.44
obj2: 0.81
obj3: 0.12
--------------
solution: [0,0,0,0,0,0,0,1,0,0,0,0,1,0,1,1,0,0,1,0,0,0,0,0,0,0,0,0,1,0]
obj1: 0.31
obj2: 0.82
obj3: 0.13
--------------
solution: [0,0,0,0,0,0,0,0,1,1,0,0,1,0,1,0,0,0,0,0,1,0,0,0,0,0,0,0,1,0]
obj1: 0.42
obj2: 0.8
obj3: 0.15
--------------
solution: [0,0,0,1,0,0,0,0,0,0,0,0,0,0,1,0,0,0,1,0,1,0,0,0,0,1,0,0,1,0]
obj1: 0.41
obj2: 0.82
obj3: 0.1
--------------
