103.07
109.95
53.74
59.36
60.36
55.15
53.69
90.16
70.35
60.11
54.82
85.24
74.5
87.04
72.31
82.51
62.09
51.4
57.81
60.41
76.65
77.91
55.42
74.55
63.07
59.44
144.18
82.4
52.73
55.48
64.17
54.27
62.99
67.72
76.54
55.93
69.81
53.62
67.52
60.96
58.19
58.98
70.13
76.71
64.34
58.8
73.52
119.15
62.88
58.4
59.36
133.64
72.53
61.97
79.6
61.5
71.56
66.49
59.56
67.62
95.39
64.11
68.5
92.62
74.49
103.38
75.31
140.93
86.03
120.93
88.48
97.44
93.79
54.37
92.66
81.97
62.61
77.9
72.48
60.11
62.26
98.27
51.36
90.54
89.12
97.58
108.66
63.89
63.84
103.16
98.16
80.0
82.04
100.31
107.21
68.08
82.84
75.39
70.13
62.0
105.13
71.66
83.09
79.09
88.31
82.28
89.16
125.3
64.14
66.95
65.26
65.51
46.88
95.41
130.66
102.91
125.57
73.46
91.8
85.54
