Device ID: 0.9888610889064947
n_eval: 20
n_nds: 6
Best Solution Fitness: [[1.73955667e-01 1.26329519e-01 1.35079158e-01]
 [5.05662166e-01 2.15248053e-02 9.47970211e-01]
 [8.27115471e-01 1.50189807e-02 1.76196256e-01]
 [1.55332756e-02 5.93481408e-01 4.33676349e-01]
 [6.12031177e-01 5.39092721e-02 4.20193680e-01]
 [6.79068837e-01 9.18601778e-01 4.02024891e-04]]
indicator: [0.17395567 0.12632952 0.13507916]

Device ID: 0.019366957870297075
n_eval: 20
n_nds: 6
Best Solution Fitness: [[1.73955667e-01 1.26329519e-01 1.35079158e-01]
 [5.05662166e-01 2.15248053e-02 9.47970211e-01]
 [8.27115471e-01 1.50189807e-02 1.76196256e-01]
 [1.55332756e-02 5.93481408e-01 4.33676349e-01]
 [6.12031177e-01 5.39092721e-02 4.20193680e-01]
 [6.79068837e-01 9.18601778e-01 4.02024891e-04]]
indicator: [0.50566217 0.02152481 0.94797021]

Device ID: 0.10233442882782584
n_eval: 20
n_nds: 6
Best Solution Fitness: [[1.73955667e-01 1.26329519e-01 1.35079158e-01]
 [5.05662166e-01 2.15248053e-02 9.47970211e-01]
 [8.27115471e-01 1.50189807e-02 1.76196256e-01]
 [1.55332756e-02 5.93481408e-01 4.33676349e-01]
 [6.12031177e-01 5.39092721e-02 4.20193680e-01]
 [6.79068837e-01 9.18601778e-01 4.02024891e-04]]
indicator: [0.82711547 0.01501898 0.17619626]

Device ID: 0.01988013383979559
n_eval: 20
n_nds: 6
Best Solution Fitness: [[1.73955667e-01 1.26329519e-01 1.35079158e-01]
 [5.05662166e-01 2.15248053e-02 9.47970211e-01]
 [8.27115471e-01 1.50189807e-02 1.76196256e-01]
 [1.55332756e-02 5.93481408e-01 4.33676349e-01]
 [6.12031177e-01 5.39092721e-02 4.20193680e-01]
 [6.79068837e-01 9.18601778e-01 4.02024891e-04]]
indicator: [0.01553328 0.59348141 0.43367635]

Device ID: 0.07197427968948678
n_eval: 20
n_nds: 6
Best Solution Fitness: [[1.73955667e-01 1.26329519e-01 1.35079158e-01]
 [5.05662166e-01 2.15248053e-02 9.47970211e-01]
 [8.27115471e-01 1.50189807e-02 1.76196256e-01]
 [1.55332756e-02 5.93481408e-01 4.33676349e-01]
 [6.12031177e-01 5.39092721e-02 4.20193680e-01]
 [6.79068837e-01 9.18601778e-01 4.02024891e-04]]
indicator: [0.61203118 0.05390927 0.42019368]

Device ID: 0.23984775914758616
n_eval: 20
n_nds: 6
Best Solution Fitness: [[1.73955667e-01 1.26329519e-01 1.35079158e-01]
 [5.05662166e-01 2.15248053e-02 9.47970211e-01]
 [8.27115471e-01 1.50189807e-02 1.76196256e-01]
 [1.55332756e-02 5.93481408e-01 4.33676349e-01]
 [6.12031177e-01 5.39092721e-02 4.20193680e-01]
 [6.79068837e-01 9.18601778e-01 4.02024891e-04]]
indicator: [6.79068837e-01 9.18601778e-01 4.02024891e-04]

Device ID: 0.9034019152878835
n_eval: 20
n_nds: 6
Best Solution Fitness: [[1.73955667e-01 1.26329519e-01 1.35079158e-01]
 [5.05662166e-01 2.15248053e-02 9.47970211e-01]
 [8.27115471e-01 1.50189807e-02 1.76196256e-01]
 [1.55332756e-02 5.93481408e-01 4.33676349e-01]
 [6.12031177e-01 5.39092721e-02 4.20193680e-01]
 [6.79068837e-01 9.18601778e-01 4.02024891e-04]]
indicator: [0.33206357 0.13099684 0.80949069]

Device ID: 0.17234050834532855
n_eval: 20
n_nds: 6
Best Solution Fitness: [[1.73955667e-01 1.26329519e-01 1.35079158e-01]
 [5.05662166e-01 2.15248053e-02 9.47970211e-01]
 [8.27115471e-01 1.50189807e-02 1.76196256e-01]
 [1.55332756e-02 5.93481408e-01 4.33676349e-01]
 [6.12031177e-01 5.39092721e-02 4.20193680e-01]
 [6.79068837e-01 9.18601778e-01 4.02024891e-04]]
indicator: [0.28571885 0.49025352 0.59911031]

Device ID: 0.5562402339904189
n_eval: 20
n_nds: 6
Best Solution Fitness: [[1.73955667e-01 1.26329519e-01 1.35079158e-01]
 [5.05662166e-01 2.15248053e-02 9.47970211e-01]
 [8.27115471e-01 1.50189807e-02 1.76196256e-01]
 [1.55332756e-02 5.93481408e-01 4.33676349e-01]
 [6.12031177e-01 5.39092721e-02 4.20193680e-01]
 [6.79068837e-01 9.18601778e-01 4.02024891e-04]]
indicator: [0.57785722 0.1840102  0.78792923]

Device ID: 0.8833060912058098
n_eval: 20
n_nds: 6
Best Solution Fitness: [[1.73955667e-01 1.26329519e-01 1.35079158e-01]
 [5.05662166e-01 2.15248053e-02 9.47970211e-01]
 [8.27115471e-01 1.50189807e-02 1.76196256e-01]
 [1.55332756e-02 5.93481408e-01 4.33676349e-01]
 [6.12031177e-01 5.39092721e-02 4.20193680e-01]
 [6.79068837e-01 9.18601778e-01 4.02024891e-04]]
indicator: [0.34473665 0.94010748 0.58201418]

Device ID: 0.6297175070215645
n_eval: 20
n_nds: 6
Best Solution Fitness: [[1.73955667e-01 1.26329519e-01 1.35079158e-01]
 [5.05662166e-01 2.15248053e-02 9.47970211e-01]
 [8.27115471e-01 1.50189807e-02 1.76196256e-01]
 [1.55332756e-02 5.93481408e-01 4.33676349e-01]
 [6.12031177e-01 5.39092721e-02 4.20193680e-01]
 [6.79068837e-01 9.18601778e-01 4.02024891e-04]]
indicator: [0.6047161  0.82884581 0.5747115 ]

Device ID: 0.4191945144032948
n_eval: 20
n_nds: 6
Best Solution Fitness: [[1.73955667e-01 1.26329519e-01 1.35079158e-01]
 [5.05662166e-01 2.15248053e-02 9.47970211e-01]
 [8.27115471e-01 1.50189807e-02 1.76196256e-01]
 [1.55332756e-02 5.93481408e-01 4.33676349e-01]
 [6.12031177e-01 5.39092721e-02 4.20193680e-01]
 [6.79068837e-01 9.18601778e-01 4.02024891e-04]]
indicator: [0.64156621 0.39000771 0.48599067]

Device ID: 0.263296770487111
n_eval: 20
n_nds: 6
Best Solution Fitness: [[1.73955667e-01 1.26329519e-01 1.35079158e-01]
 [5.05662166e-01 2.15248053e-02 9.47970211e-01]
 [8.27115471e-01 1.50189807e-02 1.76196256e-01]
 [1.55332756e-02 5.93481408e-01 4.33676349e-01]
 [6.12031177e-01 5.39092721e-02 4.20193680e-01]
 [6.79068837e-01 9.18601778e-01 4.02024891e-04]]
indicator: [0.6280762  0.28557628 0.58683334]

Device ID: 0.32664490177209615
n_eval: 20
n_nds: 6
Best Solution Fitness: [[1.73955667e-01 1.26329519e-01 1.35079158e-01]
 [5.05662166e-01 2.15248053e-02 9.47970211e-01]
 [8.27115471e-01 1.50189807e-02 1.76196256e-01]
 [1.55332756e-02 5.93481408e-01 4.33676349e-01]
 [6.12031177e-01 5.39092721e-02 4.20193680e-01]
 [6.79068837e-01 9.18601778e-01 4.02024891e-04]]
indicator: [0.45988027 0.54634682 0.79860359]

Device ID: 0.5857592714582879
n_eval: 20
n_nds: 6
Best Solution Fitness: [[1.73955667e-01 1.26329519e-01 1.35079158e-01]
 [5.05662166e-01 2.15248053e-02 9.47970211e-01]
 [8.27115471e-01 1.50189807e-02 1.76196256e-01]
 [1.55332756e-02 5.93481408e-01 4.33676349e-01]
 [6.12031177e-01 5.39092721e-02 4.20193680e-01]
 [6.79068837e-01 9.18601778e-01 4.02024891e-04]]
indicator: [0.80736053 0.3152448  0.89288871]

Device ID: 0.8007445686755367
n_eval: 20
n_nds: 6
Best Solution Fitness: [[1.73955667e-01 1.26329519e-01 1.35079158e-01]
 [5.05662166e-01 2.15248053e-02 9.47970211e-01]
 [8.27115471e-01 1.50189807e-02 1.76196256e-01]
 [1.55332756e-02 5.93481408e-01 4.33676349e-01]
 [6.12031177e-01 5.39092721e-02 4.20193680e-01]
 [6.79068837e-01 9.18601778e-01 4.02024891e-04]]
indicator: [0.60431048 0.54954792 0.92618143]

Device ID: 0.417022004702574
n_eval: 20
n_nds: 6
Best Solution Fitness: [[1.73955667e-01 1.26329519e-01 1.35079158e-01]
 [5.05662166e-01 2.15248053e-02 9.47970211e-01]
 [8.27115471e-01 1.50189807e-02 1.76196256e-01]
 [1.55332756e-02 5.93481408e-01 4.33676349e-01]
 [6.12031177e-01 5.39092721e-02 4.20193680e-01]
 [6.79068837e-01 9.18601778e-01 4.02024891e-04]]
indicator: [0.95017612 0.55665319 0.91560635]

Device ID: 0.0983468338330501
n_eval: 20
n_nds: 6
Best Solution Fitness: [[1.73955667e-01 1.26329519e-01 1.35079158e-01]
 [5.05662166e-01 2.15248053e-02 9.47970211e-01]
 [8.27115471e-01 1.50189807e-02 1.76196256e-01]
 [1.55332756e-02 5.93481408e-01 4.33676349e-01]
 [6.12031177e-01 5.39092721e-02 4.20193680e-01]
 [6.79068837e-01 9.18601778e-01 4.02024891e-04]]
indicator: [0.91873344 0.39487561 0.96326253]

Device ID: 0.11474597295337519
n_eval: 20
n_nds: 6
Best Solution Fitness: [[1.73955667e-01 1.26329519e-01 1.35079158e-01]
 [5.05662166e-01 2.15248053e-02 9.47970211e-01]
 [8.27115471e-01 1.50189807e-02 1.76196256e-01]
 [1.55332756e-02 5.93481408e-01 4.33676349e-01]
 [6.12031177e-01 5.39092721e-02 4.20193680e-01]
 [6.79068837e-01 9.18601778e-01 4.02024891e-04]]
indicator: [0.87883198 0.84473445 0.90539232]

Device ID: 0.31736240932216075
n_eval: 20
n_nds: 6
Best Solution Fitness: [[1.73955667e-01 1.26329519e-01 1.35079158e-01]
 [5.05662166e-01 2.15248053e-02 9.47970211e-01]
 [8.27115471e-01 1.50189807e-02 1.76196256e-01]
 [1.55332756e-02 5.93481408e-01 4.33676349e-01]
 [6.12031177e-01 5.39092721e-02 4.20193680e-01]
 [6.79068837e-01 9.18601778e-01 4.02024891e-04]]
indicator: [0.97675915 0.37658031 0.97378354]

