Device ID: 0.10233442882782584
n_eval: 220
n_nds: 13
Best Solution Fitness: [[8.27115471e-01 1.50189807e-02 1.76196256e-01]
 [6.79068837e-01 9.18601778e-01 4.02024891e-04]
 [2.54653986e-03 1.40035563e-02 2.17611103e-01]
 [3.96003215e-01 7.29957494e-01 6.00753246e-03]
 [6.13719674e-01 3.11965920e-02 6.27101829e-02]
 [7.64726639e-01 5.18281580e-01 5.31653296e-03]
 [7.05420447e-02 7.34666544e-02 1.47437909e-02]
 [4.54382119e-02 3.51294321e-01 1.64732545e-01]
 [1.45433196e-02 4.20242205e-02 1.80970657e-01]
 [2.97052996e-01 8.94460494e-03 9.87176182e-01]
 [1.08245743e-01 3.16648553e-02 2.16194736e-01]
 [5.14139450e-02 5.10272465e-01 8.29403888e-02]
 [6.44826443e-02 1.16728507e-01 1.62696474e-01]]
indicator: [0.82711547 0.01501898 0.17619626]

Device ID: 0.23984775914758616
n_eval: 220
n_nds: 13
Best Solution Fitness: [[8.27115471e-01 1.50189807e-02 1.76196256e-01]
 [6.79068837e-01 9.18601778e-01 4.02024891e-04]
 [2.54653986e-03 1.40035563e-02 2.17611103e-01]
 [3.96003215e-01 7.29957494e-01 6.00753246e-03]
 [6.13719674e-01 3.11965920e-02 6.27101829e-02]
 [7.64726639e-01 5.18281580e-01 5.31653296e-03]
 [7.05420447e-02 7.34666544e-02 1.47437909e-02]
 [4.54382119e-02 3.51294321e-01 1.64732545e-01]
 [1.45433196e-02 4.20242205e-02 1.80970657e-01]
 [2.97052996e-01 8.94460494e-03 9.87176182e-01]
 [1.08245743e-01 3.16648553e-02 2.16194736e-01]
 [5.14139450e-02 5.10272465e-01 8.29403888e-02]
 [6.44826443e-02 1.16728507e-01 1.62696474e-01]]
indicator: [6.79068837e-01 9.18601778e-01 4.02024891e-04]

Device ID: 0.019366957870297075
n_eval: 220
n_nds: 13
Best Solution Fitness: [[8.27115471e-01 1.50189807e-02 1.76196256e-01]
 [6.79068837e-01 9.18601778e-01 4.02024891e-04]
 [2.54653986e-03 1.40035563e-02 2.17611103e-01]
 [3.96003215e-01 7.29957494e-01 6.00753246e-03]
 [6.13719674e-01 3.11965920e-02 6.27101829e-02]
 [7.64726639e-01 5.18281580e-01 5.31653296e-03]
 [7.05420447e-02 7.34666544e-02 1.47437909e-02]
 [4.54382119e-02 3.51294321e-01 1.64732545e-01]
 [1.45433196e-02 4.20242205e-02 1.80970657e-01]
 [2.97052996e-01 8.94460494e-03 9.87176182e-01]
 [1.08245743e-01 3.16648553e-02 2.16194736e-01]
 [5.14139450e-02 5.10272465e-01 8.29403888e-02]
 [6.44826443e-02 1.16728507e-01 1.62696474e-01]]
indicator: [0.00254654 0.01400356 0.2176111 ]

Device ID: 0.48648838389952365
n_eval: 220
n_nds: 13
Best Solution Fitness: [[8.27115471e-01 1.50189807e-02 1.76196256e-01]
 [6.79068837e-01 9.18601778e-01 4.02024891e-04]
 [2.54653986e-03 1.40035563e-02 2.17611103e-01]
 [3.96003215e-01 7.29957494e-01 6.00753246e-03]
 [6.13719674e-01 3.11965920e-02 6.27101829e-02]
 [7.64726639e-01 5.18281580e-01 5.31653296e-03]
 [7.05420447e-02 7.34666544e-02 1.47437909e-02]
 [4.54382119e-02 3.51294321e-01 1.64732545e-01]
 [1.45433196e-02 4.20242205e-02 1.80970657e-01]
 [2.97052996e-01 8.94460494e-03 9.87176182e-01]
 [1.08245743e-01 3.16648553e-02 2.16194736e-01]
 [5.14139450e-02 5.10272465e-01 8.29403888e-02]
 [6.44826443e-02 1.16728507e-01 1.62696474e-01]]
indicator: [0.39600321 0.72995749 0.00600753]

Device ID: 0.07518793971201876
n_eval: 220
n_nds: 13
Best Solution Fitness: [[8.27115471e-01 1.50189807e-02 1.76196256e-01]
 [6.79068837e-01 9.18601778e-01 4.02024891e-04]
 [2.54653986e-03 1.40035563e-02 2.17611103e-01]
 [3.96003215e-01 7.29957494e-01 6.00753246e-03]
 [6.13719674e-01 3.11965920e-02 6.27101829e-02]
 [7.64726639e-01 5.18281580e-01 5.31653296e-03]
 [7.05420447e-02 7.34666544e-02 1.47437909e-02]
 [4.54382119e-02 3.51294321e-01 1.64732545e-01]
 [1.45433196e-02 4.20242205e-02 1.80970657e-01]
 [2.97052996e-01 8.94460494e-03 9.87176182e-01]
 [1.08245743e-01 3.16648553e-02 2.16194736e-01]
 [5.14139450e-02 5.10272465e-01 8.29403888e-02]
 [6.44826443e-02 1.16728507e-01 1.62696474e-01]]
indicator: [0.61371967 0.03119659 0.06271018]

Device ID: 0.029241187379049682
n_eval: 220
n_nds: 13
Best Solution Fitness: [[8.27115471e-01 1.50189807e-02 1.76196256e-01]
 [6.79068837e-01 9.18601778e-01 4.02024891e-04]
 [2.54653986e-03 1.40035563e-02 2.17611103e-01]
 [3.96003215e-01 7.29957494e-01 6.00753246e-03]
 [6.13719674e-01 3.11965920e-02 6.27101829e-02]
 [7.64726639e-01 5.18281580e-01 5.31653296e-03]
 [7.05420447e-02 7.34666544e-02 1.47437909e-02]
 [4.54382119e-02 3.51294321e-01 1.64732545e-01]
 [1.45433196e-02 4.20242205e-02 1.80970657e-01]
 [2.97052996e-01 8.94460494e-03 9.87176182e-01]
 [1.08245743e-01 3.16648553e-02 2.16194736e-01]
 [5.14139450e-02 5.10272465e-01 8.29403888e-02]
 [6.44826443e-02 1.16728507e-01 1.62696474e-01]]
indicator: [0.76472664 0.51828158 0.00531653]

Device ID: 0.023039717323771
n_eval: 220
n_nds: 13
Best Solution Fitness: [[8.27115471e-01 1.50189807e-02 1.76196256e-01]
 [6.79068837e-01 9.18601778e-01 4.02024891e-04]
 [2.54653986e-03 1.40035563e-02 2.17611103e-01]
 [3.96003215e-01 7.29957494e-01 6.00753246e-03]
 [6.13719674e-01 3.11965920e-02 6.27101829e-02]
 [7.64726639e-01 5.18281580e-01 5.31653296e-03]
 [7.05420447e-02 7.34666544e-02 1.47437909e-02]
 [4.54382119e-02 3.51294321e-01 1.64732545e-01]
 [1.45433196e-02 4.20242205e-02 1.80970657e-01]
 [2.97052996e-01 8.94460494e-03 9.87176182e-01]
 [1.08245743e-01 3.16648553e-02 2.16194736e-01]
 [5.14139450e-02 5.10272465e-01 8.29403888e-02]
 [6.44826443e-02 1.16728507e-01 1.62696474e-01]]
indicator: [0.07054204 0.07346665 0.01474379]

Device ID: 0.4538875061468011
n_eval: 220
n_nds: 13
Best Solution Fitness: [[8.27115471e-01 1.50189807e-02 1.76196256e-01]
 [6.79068837e-01 9.18601778e-01 4.02024891e-04]
 [2.54653986e-03 1.40035563e-02 2.17611103e-01]
 [3.96003215e-01 7.29957494e-01 6.00753246e-03]
 [6.13719674e-01 3.11965920e-02 6.27101829e-02]
 [7.64726639e-01 5.18281580e-01 5.31653296e-03]
 [7.05420447e-02 7.34666544e-02 1.47437909e-02]
 [4.54382119e-02 3.51294321e-01 1.64732545e-01]
 [1.45433196e-02 4.20242205e-02 1.80970657e-01]
 [2.97052996e-01 8.94460494e-03 9.87176182e-01]
 [1.08245743e-01 3.16648553e-02 2.16194736e-01]
 [5.14139450e-02 5.10272465e-01 8.29403888e-02]
 [6.44826443e-02 1.16728507e-01 1.62696474e-01]]
indicator: [0.04543821 0.35129432 0.16473254]

Device ID: 0.32764526021661267
n_eval: 220
n_nds: 13
Best Solution Fitness: [[8.27115471e-01 1.50189807e-02 1.76196256e-01]
 [6.79068837e-01 9.18601778e-01 4.02024891e-04]
 [2.54653986e-03 1.40035563e-02 2.17611103e-01]
 [3.96003215e-01 7.29957494e-01 6.00753246e-03]
 [6.13719674e-01 3.11965920e-02 6.27101829e-02]
 [7.64726639e-01 5.18281580e-01 5.31653296e-03]
 [7.05420447e-02 7.34666544e-02 1.47437909e-02]
 [4.54382119e-02 3.51294321e-01 1.64732545e-01]
 [1.45433196e-02 4.20242205e-02 1.80970657e-01]
 [2.97052996e-01 8.94460494e-03 9.87176182e-01]
 [1.08245743e-01 3.16648553e-02 2.16194736e-01]
 [5.14139450e-02 5.10272465e-01 8.29403888e-02]
 [6.44826443e-02 1.16728507e-01 1.62696474e-01]]
indicator: [0.01454332 0.04202422 0.18097066]

Device ID: 0.10228856925915612
n_eval: 220
n_nds: 13
Best Solution Fitness: [[8.27115471e-01 1.50189807e-02 1.76196256e-01]
 [6.79068837e-01 9.18601778e-01 4.02024891e-04]
 [2.54653986e-03 1.40035563e-02 2.17611103e-01]
 [3.96003215e-01 7.29957494e-01 6.00753246e-03]
 [6.13719674e-01 3.11965920e-02 6.27101829e-02]
 [7.64726639e-01 5.18281580e-01 5.31653296e-03]
 [7.05420447e-02 7.34666544e-02 1.47437909e-02]
 [4.54382119e-02 3.51294321e-01 1.64732545e-01]
 [1.45433196e-02 4.20242205e-02 1.80970657e-01]
 [2.97052996e-01 8.94460494e-03 9.87176182e-01]
 [1.08245743e-01 3.16648553e-02 2.16194736e-01]
 [5.14139450e-02 5.10272465e-01 8.29403888e-02]
 [6.44826443e-02 1.16728507e-01 1.62696474e-01]]
indicator: [0.297053   0.0089446  0.98717618]

Device ID: 0.017149434331373947
n_eval: 220
n_nds: 13
Best Solution Fitness: [[8.27115471e-01 1.50189807e-02 1.76196256e-01]
 [6.79068837e-01 9.18601778e-01 4.02024891e-04]
 [2.54653986e-03 1.40035563e-02 2.17611103e-01]
 [3.96003215e-01 7.29957494e-01 6.00753246e-03]
 [6.13719674e-01 3.11965920e-02 6.27101829e-02]
 [7.64726639e-01 5.18281580e-01 5.31653296e-03]
 [7.05420447e-02 7.34666544e-02 1.47437909e-02]
 [4.54382119e-02 3.51294321e-01 1.64732545e-01]
 [1.45433196e-02 4.20242205e-02 1.80970657e-01]
 [2.97052996e-01 8.94460494e-03 9.87176182e-01]
 [1.08245743e-01 3.16648553e-02 2.16194736e-01]
 [5.14139450e-02 5.10272465e-01 8.29403888e-02]
 [6.44826443e-02 1.16728507e-01 1.62696474e-01]]
indicator: [0.10824574 0.03166486 0.21619474]

Device ID: 0.01836545990733037
n_eval: 220
n_nds: 13
Best Solution Fitness: [[8.27115471e-01 1.50189807e-02 1.76196256e-01]
 [6.79068837e-01 9.18601778e-01 4.02024891e-04]
 [2.54653986e-03 1.40035563e-02 2.17611103e-01]
 [3.96003215e-01 7.29957494e-01 6.00753246e-03]
 [6.13719674e-01 3.11965920e-02 6.27101829e-02]
 [7.64726639e-01 5.18281580e-01 5.31653296e-03]
 [7.05420447e-02 7.34666544e-02 1.47437909e-02]
 [4.54382119e-02 3.51294321e-01 1.64732545e-01]
 [1.45433196e-02 4.20242205e-02 1.80970657e-01]
 [2.97052996e-01 8.94460494e-03 9.87176182e-01]
 [1.08245743e-01 3.16648553e-02 2.16194736e-01]
 [5.14139450e-02 5.10272465e-01 8.29403888e-02]
 [6.44826443e-02 1.16728507e-01 1.62696474e-01]]
indicator: [0.05141394 0.51027247 0.08294039]

Device ID: 0.016761290001071794
n_eval: 220
n_nds: 13
Best Solution Fitness: [[8.27115471e-01 1.50189807e-02 1.76196256e-01]
 [6.79068837e-01 9.18601778e-01 4.02024891e-04]
 [2.54653986e-03 1.40035563e-02 2.17611103e-01]
 [3.96003215e-01 7.29957494e-01 6.00753246e-03]
 [6.13719674e-01 3.11965920e-02 6.27101829e-02]
 [7.64726639e-01 5.18281580e-01 5.31653296e-03]
 [7.05420447e-02 7.34666544e-02 1.47437909e-02]
 [4.54382119e-02 3.51294321e-01 1.64732545e-01]
 [1.45433196e-02 4.20242205e-02 1.80970657e-01]
 [2.97052996e-01 8.94460494e-03 9.87176182e-01]
 [1.08245743e-01 3.16648553e-02 2.16194736e-01]
 [5.14139450e-02 5.10272465e-01 8.29403888e-02]
 [6.44826443e-02 1.16728507e-01 1.62696474e-01]]
indicator: [0.06448264 0.11672851 0.16269647]

Device ID: 0.019366957870297075
n_eval: 220
n_nds: 13
Best Solution Fitness: [[8.27115471e-01 1.50189807e-02 1.76196256e-01]
 [6.79068837e-01 9.18601778e-01 4.02024891e-04]
 [2.54653986e-03 1.40035563e-02 2.17611103e-01]
 [3.96003215e-01 7.29957494e-01 6.00753246e-03]
 [6.13719674e-01 3.11965920e-02 6.27101829e-02]
 [7.64726639e-01 5.18281580e-01 5.31653296e-03]
 [7.05420447e-02 7.34666544e-02 1.47437909e-02]
 [4.54382119e-02 3.51294321e-01 1.64732545e-01]
 [1.45433196e-02 4.20242205e-02 1.80970657e-01]
 [2.97052996e-01 8.94460494e-03 9.87176182e-01]
 [1.08245743e-01 3.16648553e-02 2.16194736e-01]
 [5.14139450e-02 5.10272465e-01 8.29403888e-02]
 [6.44826443e-02 1.16728507e-01 1.62696474e-01]]
indicator: [0.50566217 0.02152481 0.94797021]

Device ID: 0.023039717323771
n_eval: 220
n_nds: 13
Best Solution Fitness: [[8.27115471e-01 1.50189807e-02 1.76196256e-01]
 [6.79068837e-01 9.18601778e-01 4.02024891e-04]
 [2.54653986e-03 1.40035563e-02 2.17611103e-01]
 [3.96003215e-01 7.29957494e-01 6.00753246e-03]
 [6.13719674e-01 3.11965920e-02 6.27101829e-02]
 [7.64726639e-01 5.18281580e-01 5.31653296e-03]
 [7.05420447e-02 7.34666544e-02 1.47437909e-02]
 [4.54382119e-02 3.51294321e-01 1.64732545e-01]
 [1.45433196e-02 4.20242205e-02 1.80970657e-01]
 [2.97052996e-01 8.94460494e-03 9.87176182e-01]
 [1.08245743e-01 3.16648553e-02 2.16194736e-01]
 [5.14139450e-02 5.10272465e-01 8.29403888e-02]
 [6.44826443e-02 1.16728507e-01 1.62696474e-01]]
indicator: [0.07706423 0.84090816 0.06751405]

Device ID: 0.17433781641117552
n_eval: 220
n_nds: 13
Best Solution Fitness: [[8.27115471e-01 1.50189807e-02 1.76196256e-01]
 [6.79068837e-01 9.18601778e-01 4.02024891e-04]
 [2.54653986e-03 1.40035563e-02 2.17611103e-01]
 [3.96003215e-01 7.29957494e-01 6.00753246e-03]
 [6.13719674e-01 3.11965920e-02 6.27101829e-02]
 [7.64726639e-01 5.18281580e-01 5.31653296e-03]
 [7.05420447e-02 7.34666544e-02 1.47437909e-02]
 [4.54382119e-02 3.51294321e-01 1.64732545e-01]
 [1.45433196e-02 4.20242205e-02 1.80970657e-01]
 [2.97052996e-01 8.94460494e-03 9.87176182e-01]
 [1.08245743e-01 3.16648553e-02 2.16194736e-01]
 [5.14139450e-02 5.10272465e-01 8.29403888e-02]
 [6.44826443e-02 1.16728507e-01 1.62696474e-01]]
indicator: [0.98907569 0.31845712 0.02390378]

Device ID: 0.4307629316996348
n_eval: 220
n_nds: 13
Best Solution Fitness: [[8.27115471e-01 1.50189807e-02 1.76196256e-01]
 [6.79068837e-01 9.18601778e-01 4.02024891e-04]
 [2.54653986e-03 1.40035563e-02 2.17611103e-01]
 [3.96003215e-01 7.29957494e-01 6.00753246e-03]
 [6.13719674e-01 3.11965920e-02 6.27101829e-02]
 [7.64726639e-01 5.18281580e-01 5.31653296e-03]
 [7.05420447e-02 7.34666544e-02 1.47437909e-02]
 [4.54382119e-02 3.51294321e-01 1.64732545e-01]
 [1.45433196e-02 4.20242205e-02 1.80970657e-01]
 [2.97052996e-01 8.94460494e-03 9.87176182e-01]
 [1.08245743e-01 3.16648553e-02 2.16194736e-01]
 [5.14139450e-02 5.10272465e-01 8.29403888e-02]
 [6.44826443e-02 1.16728507e-01 1.62696474e-01]]
indicator: [0.00273581 0.06336051 0.58426941]

Device ID: 0.32764526021661267
n_eval: 220
n_nds: 13
Best Solution Fitness: [[8.27115471e-01 1.50189807e-02 1.76196256e-01]
 [6.79068837e-01 9.18601778e-01 4.02024891e-04]
 [2.54653986e-03 1.40035563e-02 2.17611103e-01]
 [3.96003215e-01 7.29957494e-01 6.00753246e-03]
 [6.13719674e-01 3.11965920e-02 6.27101829e-02]
 [7.64726639e-01 5.18281580e-01 5.31653296e-03]
 [7.05420447e-02 7.34666544e-02 1.47437909e-02]
 [4.54382119e-02 3.51294321e-01 1.64732545e-01]
 [1.45433196e-02 4.20242205e-02 1.80970657e-01]
 [2.97052996e-01 8.94460494e-03 9.87176182e-01]
 [1.08245743e-01 3.16648553e-02 2.16194736e-01]
 [5.14139450e-02 5.10272465e-01 8.29403888e-02]
 [6.44826443e-02 1.16728507e-01 1.62696474e-01]]
indicator: [0.99211595 0.05976715 0.13136305]

Device ID: 0.01988013383979559
n_eval: 220
n_nds: 13
Best Solution Fitness: [[8.27115471e-01 1.50189807e-02 1.76196256e-01]
 [6.79068837e-01 9.18601778e-01 4.02024891e-04]
 [2.54653986e-03 1.40035563e-02 2.17611103e-01]
 [3.96003215e-01 7.29957494e-01 6.00753246e-03]
 [6.13719674e-01 3.11965920e-02 6.27101829e-02]
 [7.64726639e-01 5.18281580e-01 5.31653296e-03]
 [7.05420447e-02 7.34666544e-02 1.47437909e-02]
 [4.54382119e-02 3.51294321e-01 1.64732545e-01]
 [1.45433196e-02 4.20242205e-02 1.80970657e-01]
 [2.97052996e-01 8.94460494e-03 9.87176182e-01]
 [1.08245743e-01 3.16648553e-02 2.16194736e-01]
 [5.14139450e-02 5.10272465e-01 8.29403888e-02]
 [6.44826443e-02 1.16728507e-01 1.62696474e-01]]
indicator: [0.01553328 0.59348141 0.43367635]

Device ID: 0.4307629316996348
n_eval: 220
n_nds: 13
Best Solution Fitness: [[8.27115471e-01 1.50189807e-02 1.76196256e-01]
 [6.79068837e-01 9.18601778e-01 4.02024891e-04]
 [2.54653986e-03 1.40035563e-02 2.17611103e-01]
 [3.96003215e-01 7.29957494e-01 6.00753246e-03]
 [6.13719674e-01 3.11965920e-02 6.27101829e-02]
 [7.64726639e-01 5.18281580e-01 5.31653296e-03]
 [7.05420447e-02 7.34666544e-02 1.47437909e-02]
 [4.54382119e-02 3.51294321e-01 1.64732545e-01]
 [1.45433196e-02 4.20242205e-02 1.80970657e-01]
 [2.97052996e-01 8.94460494e-03 9.87176182e-01]
 [1.08245743e-01 3.16648553e-02 2.16194736e-01]
 [5.14139450e-02 5.10272465e-01 8.29403888e-02]
 [6.44826443e-02 1.16728507e-01 1.62696474e-01]]
indicator: [0.2041225  0.06708946 0.19864826]

