Device ID: 0.9888610889064947
n_eval: 40
n_nds: 9
Best Solution Fitness: [[1.73955667e-01 1.26329519e-01 1.35079158e-01]
 [8.27115471e-01 1.50189807e-02 1.76196256e-01]
 [6.79068837e-01 9.18601778e-01 4.02024891e-04]
 [1.34153523e-01 7.08817301e-01 1.53213416e-01]
 [2.54653986e-03 1.40035563e-02 2.17611103e-01]
 [1.45026212e-01 6.51545131e-01 1.43706674e-01]
 [3.96003215e-01 7.29957494e-01 6.00753246e-03]
 [6.13719674e-01 3.11965920e-02 6.27101829e-02]
 [2.57612227e-01 5.91888989e-01 8.82066976e-02]]
indicator: [0.17395567 0.12632952 0.13507916]

Device ID: 0.10233442882782584
n_eval: 40
n_nds: 9
Best Solution Fitness: [[1.73955667e-01 1.26329519e-01 1.35079158e-01]
 [8.27115471e-01 1.50189807e-02 1.76196256e-01]
 [6.79068837e-01 9.18601778e-01 4.02024891e-04]
 [1.34153523e-01 7.08817301e-01 1.53213416e-01]
 [2.54653986e-03 1.40035563e-02 2.17611103e-01]
 [1.45026212e-01 6.51545131e-01 1.43706674e-01]
 [3.96003215e-01 7.29957494e-01 6.00753246e-03]
 [6.13719674e-01 3.11965920e-02 6.27101829e-02]
 [2.57612227e-01 5.91888989e-01 8.82066976e-02]]
indicator: [0.82711547 0.01501898 0.17619626]

Device ID: 0.23984775914758616
n_eval: 40
n_nds: 9
Best Solution Fitness: [[1.73955667e-01 1.26329519e-01 1.35079158e-01]
 [8.27115471e-01 1.50189807e-02 1.76196256e-01]
 [6.79068837e-01 9.18601778e-01 4.02024891e-04]
 [1.34153523e-01 7.08817301e-01 1.53213416e-01]
 [2.54653986e-03 1.40035563e-02 2.17611103e-01]
 [1.45026212e-01 6.51545131e-01 1.43706674e-01]
 [3.96003215e-01 7.29957494e-01 6.00753246e-03]
 [6.13719674e-01 3.11965920e-02 6.27101829e-02]
 [2.57612227e-01 5.91888989e-01 8.82066976e-02]]
indicator: [6.79068837e-01 9.18601778e-01 4.02024891e-04]

Device ID: 0.9490709574451923
n_eval: 40
n_nds: 9
Best Solution Fitness: [[1.73955667e-01 1.26329519e-01 1.35079158e-01]
 [8.27115471e-01 1.50189807e-02 1.76196256e-01]
 [6.79068837e-01 9.18601778e-01 4.02024891e-04]
 [1.34153523e-01 7.08817301e-01 1.53213416e-01]
 [2.54653986e-03 1.40035563e-02 2.17611103e-01]
 [1.45026212e-01 6.51545131e-01 1.43706674e-01]
 [3.96003215e-01 7.29957494e-01 6.00753246e-03]
 [6.13719674e-01 3.11965920e-02 6.27101829e-02]
 [2.57612227e-01 5.91888989e-01 8.82066976e-02]]
indicator: [0.13415352 0.7088173  0.15321342]

Device ID: 0.019366957870297075
n_eval: 40
n_nds: 9
Best Solution Fitness: [[1.73955667e-01 1.26329519e-01 1.35079158e-01]
 [8.27115471e-01 1.50189807e-02 1.76196256e-01]
 [6.79068837e-01 9.18601778e-01 4.02024891e-04]
 [1.34153523e-01 7.08817301e-01 1.53213416e-01]
 [2.54653986e-03 1.40035563e-02 2.17611103e-01]
 [1.45026212e-01 6.51545131e-01 1.43706674e-01]
 [3.96003215e-01 7.29957494e-01 6.00753246e-03]
 [6.13719674e-01 3.11965920e-02 6.27101829e-02]
 [2.57612227e-01 5.91888989e-01 8.82066976e-02]]
indicator: [0.00254654 0.01400356 0.2176111 ]

Device ID: 0.5857592714582879
n_eval: 40
n_nds: 9
Best Solution Fitness: [[1.73955667e-01 1.26329519e-01 1.35079158e-01]
 [8.27115471e-01 1.50189807e-02 1.76196256e-01]
 [6.79068837e-01 9.18601778e-01 4.02024891e-04]
 [1.34153523e-01 7.08817301e-01 1.53213416e-01]
 [2.54653986e-03 1.40035563e-02 2.17611103e-01]
 [1.45026212e-01 6.51545131e-01 1.43706674e-01]
 [3.96003215e-01 7.29957494e-01 6.00753246e-03]
 [6.13719674e-01 3.11965920e-02 6.27101829e-02]
 [2.57612227e-01 5.91888989e-01 8.82066976e-02]]
indicator: [0.14502621 0.65154513 0.14370667]

Device ID: 0.48648838389952365
n_eval: 40
n_nds: 9
Best Solution Fitness: [[1.73955667e-01 1.26329519e-01 1.35079158e-01]
 [8.27115471e-01 1.50189807e-02 1.76196256e-01]
 [6.79068837e-01 9.18601778e-01 4.02024891e-04]
 [1.34153523e-01 7.08817301e-01 1.53213416e-01]
 [2.54653986e-03 1.40035563e-02 2.17611103e-01]
 [1.45026212e-01 6.51545131e-01 1.43706674e-01]
 [3.96003215e-01 7.29957494e-01 6.00753246e-03]
 [6.13719674e-01 3.11965920e-02 6.27101829e-02]
 [2.57612227e-01 5.91888989e-01 8.82066976e-02]]
indicator: [0.39600321 0.72995749 0.00600753]

Device ID: 0.07518793971201876
n_eval: 40
n_nds: 9
Best Solution Fitness: [[1.73955667e-01 1.26329519e-01 1.35079158e-01]
 [8.27115471e-01 1.50189807e-02 1.76196256e-01]
 [6.79068837e-01 9.18601778e-01 4.02024891e-04]
 [1.34153523e-01 7.08817301e-01 1.53213416e-01]
 [2.54653986e-03 1.40035563e-02 2.17611103e-01]
 [1.45026212e-01 6.51545131e-01 1.43706674e-01]
 [3.96003215e-01 7.29957494e-01 6.00753246e-03]
 [6.13719674e-01 3.11965920e-02 6.27101829e-02]
 [2.57612227e-01 5.91888989e-01 8.82066976e-02]]
indicator: [0.61371967 0.03119659 0.06271018]

Device ID: 0.003398011427442671
n_eval: 40
n_nds: 9
Best Solution Fitness: [[1.73955667e-01 1.26329519e-01 1.35079158e-01]
 [8.27115471e-01 1.50189807e-02 1.76196256e-01]
 [6.79068837e-01 9.18601778e-01 4.02024891e-04]
 [1.34153523e-01 7.08817301e-01 1.53213416e-01]
 [2.54653986e-03 1.40035563e-02 2.17611103e-01]
 [1.45026212e-01 6.51545131e-01 1.43706674e-01]
 [3.96003215e-01 7.29957494e-01 6.00753246e-03]
 [6.13719674e-01 3.11965920e-02 6.27101829e-02]
 [2.57612227e-01 5.91888989e-01 8.82066976e-02]]
indicator: [0.25761223 0.59188899 0.0882067 ]

Device ID: 0.019366957870297075
n_eval: 40
n_nds: 9
Best Solution Fitness: [[1.73955667e-01 1.26329519e-01 1.35079158e-01]
 [8.27115471e-01 1.50189807e-02 1.76196256e-01]
 [6.79068837e-01 9.18601778e-01 4.02024891e-04]
 [1.34153523e-01 7.08817301e-01 1.53213416e-01]
 [2.54653986e-03 1.40035563e-02 2.17611103e-01]
 [1.45026212e-01 6.51545131e-01 1.43706674e-01]
 [3.96003215e-01 7.29957494e-01 6.00753246e-03]
 [6.13719674e-01 3.11965920e-02 6.27101829e-02]
 [2.57612227e-01 5.91888989e-01 8.82066976e-02]]
indicator: [0.50566217 0.02152481 0.94797021]

Device ID: 0.01988013383979559
n_eval: 40
n_nds: 9
Best Solution Fitness: [[1.73955667e-01 1.26329519e-01 1.35079158e-01]
 [8.27115471e-01 1.50189807e-02 1.76196256e-01]
 [6.79068837e-01 9.18601778e-01 4.02024891e-04]
 [1.34153523e-01 7.08817301e-01 1.53213416e-01]
 [2.54653986e-03 1.40035563e-02 2.17611103e-01]
 [1.45026212e-01 6.51545131e-01 1.43706674e-01]
 [3.96003215e-01 7.29957494e-01 6.00753246e-03]
 [6.13719674e-01 3.11965920e-02 6.27101829e-02]
 [2.57612227e-01 5.91888989e-01 8.82066976e-02]]
indicator: [0.01553328 0.59348141 0.43367635]

Device ID: 0.07197427968948678
n_eval: 40
n_nds: 9
Best Solution Fitness: [[1.73955667e-01 1.26329519e-01 1.35079158e-01]
 [8.27115471e-01 1.50189807e-02 1.76196256e-01]
 [6.79068837e-01 9.18601778e-01 4.02024891e-04]
 [1.34153523e-01 7.08817301e-01 1.53213416e-01]
 [2.54653986e-03 1.40035563e-02 2.17611103e-01]
 [1.45026212e-01 6.51545131e-01 1.43706674e-01]
 [3.96003215e-01 7.29957494e-01 6.00753246e-03]
 [6.13719674e-01 3.11965920e-02 6.27101829e-02]
 [2.57612227e-01 5.91888989e-01 8.82066976e-02]]
indicator: [0.61203118 0.05390927 0.42019368]

Device ID: 0.9034019152878835
n_eval: 40
n_nds: 9
Best Solution Fitness: [[1.73955667e-01 1.26329519e-01 1.35079158e-01]
 [8.27115471e-01 1.50189807e-02 1.76196256e-01]
 [6.79068837e-01 9.18601778e-01 4.02024891e-04]
 [1.34153523e-01 7.08817301e-01 1.53213416e-01]
 [2.54653986e-03 1.40035563e-02 2.17611103e-01]
 [1.45026212e-01 6.51545131e-01 1.43706674e-01]
 [3.96003215e-01 7.29957494e-01 6.00753246e-03]
 [6.13719674e-01 3.11965920e-02 6.27101829e-02]
 [2.57612227e-01 5.91888989e-01 8.82066976e-02]]
indicator: [0.33206357 0.13099684 0.80949069]

Device ID: 0.5562402339904189
n_eval: 40
n_nds: 9
Best Solution Fitness: [[1.73955667e-01 1.26329519e-01 1.35079158e-01]
 [8.27115471e-01 1.50189807e-02 1.76196256e-01]
 [6.79068837e-01 9.18601778e-01 4.02024891e-04]
 [1.34153523e-01 7.08817301e-01 1.53213416e-01]
 [2.54653986e-03 1.40035563e-02 2.17611103e-01]
 [1.45026212e-01 6.51545131e-01 1.43706674e-01]
 [3.96003215e-01 7.29957494e-01 6.00753246e-03]
 [6.13719674e-01 3.11965920e-02 6.27101829e-02]
 [2.57612227e-01 5.91888989e-01 8.82066976e-02]]
indicator: [0.57785722 0.1840102  0.78792923]

Device ID: 0.5562402339904189
n_eval: 40
n_nds: 9
Best Solution Fitness: [[1.73955667e-01 1.26329519e-01 1.35079158e-01]
 [8.27115471e-01 1.50189807e-02 1.76196256e-01]
 [6.79068837e-01 9.18601778e-01 4.02024891e-04]
 [1.34153523e-01 7.08817301e-01 1.53213416e-01]
 [2.54653986e-03 1.40035563e-02 2.17611103e-01]
 [1.45026212e-01 6.51545131e-01 1.43706674e-01]
 [3.96003215e-01 7.29957494e-01 6.00753246e-03]
 [6.13719674e-01 3.11965920e-02 6.27101829e-02]
 [2.57612227e-01 5.91888989e-01 8.82066976e-02]]
indicator: [0.0468758  0.25570823 0.43255233]

Device ID: 0.417022004702574
n_eval: 40
n_nds: 9
Best Solution Fitness: [[1.73955667e-01 1.26329519e-01 1.35079158e-01]
 [8.27115471e-01 1.50189807e-02 1.76196256e-01]
 [6.79068837e-01 9.18601778e-01 4.02024891e-04]
 [1.34153523e-01 7.08817301e-01 1.53213416e-01]
 [2.54653986e-03 1.40035563e-02 2.17611103e-01]
 [1.45026212e-01 6.51545131e-01 1.43706674e-01]
 [3.96003215e-01 7.29957494e-01 6.00753246e-03]
 [6.13719674e-01 3.11965920e-02 6.27101829e-02]
 [2.57612227e-01 5.91888989e-01 8.82066976e-02]]
indicator: [0.65454599 0.60878279 0.06806776]

Device ID: 0.102008618163008
n_eval: 40
n_nds: 9
Best Solution Fitness: [[1.73955667e-01 1.26329519e-01 1.35079158e-01]
 [8.27115471e-01 1.50189807e-02 1.76196256e-01]
 [6.79068837e-01 9.18601778e-01 4.02024891e-04]
 [1.34153523e-01 7.08817301e-01 1.53213416e-01]
 [2.54653986e-03 1.40035563e-02 2.17611103e-01]
 [1.45026212e-01 6.51545131e-01 1.43706674e-01]
 [3.96003215e-01 7.29957494e-01 6.00753246e-03]
 [6.13719674e-01 3.11965920e-02 6.27101829e-02]
 [2.57612227e-01 5.91888989e-01 8.82066976e-02]]
indicator: [0.90484578 0.06327148 0.29229909]

Device ID: 0.9034019152878835
n_eval: 40
n_nds: 9
Best Solution Fitness: [[1.73955667e-01 1.26329519e-01 1.35079158e-01]
 [8.27115471e-01 1.50189807e-02 1.76196256e-01]
 [6.79068837e-01 9.18601778e-01 4.02024891e-04]
 [1.34153523e-01 7.08817301e-01 1.53213416e-01]
 [2.54653986e-03 1.40035563e-02 2.17611103e-01]
 [1.45026212e-01 6.51545131e-01 1.43706674e-01]
 [3.96003215e-01 7.29957494e-01 6.00753246e-03]
 [6.13719674e-01 3.11965920e-02 6.27101829e-02]
 [2.57612227e-01 5.91888989e-01 8.82066976e-02]]
indicator: [0.84854731 0.52527177 0.09677402]

Device ID: 0.07197427968948678
n_eval: 40
n_nds: 9
Best Solution Fitness: [[1.73955667e-01 1.26329519e-01 1.35079158e-01]
 [8.27115471e-01 1.50189807e-02 1.76196256e-01]
 [6.79068837e-01 9.18601778e-01 4.02024891e-04]
 [1.34153523e-01 7.08817301e-01 1.53213416e-01]
 [2.54653986e-03 1.40035563e-02 2.17611103e-01]
 [1.45026212e-01 6.51545131e-01 1.43706674e-01]
 [3.96003215e-01 7.29957494e-01 6.00753246e-03]
 [6.13719674e-01 3.11965920e-02 6.27101829e-02]
 [2.57612227e-01 5.91888989e-01 8.82066976e-02]]
indicator: [0.86104314 0.07246489 0.32878112]

Device ID: 0.8852669008916171
n_eval: 40
n_nds: 9
Best Solution Fitness: [[1.73955667e-01 1.26329519e-01 1.35079158e-01]
 [8.27115471e-01 1.50189807e-02 1.76196256e-01]
 [6.79068837e-01 9.18601778e-01 4.02024891e-04]
 [1.34153523e-01 7.08817301e-01 1.53213416e-01]
 [2.54653986e-03 1.40035563e-02 2.17611103e-01]
 [1.45026212e-01 6.51545131e-01 1.43706674e-01]
 [3.96003215e-01 7.29957494e-01 6.00753246e-03]
 [6.13719674e-01 3.11965920e-02 6.27101829e-02]
 [2.57612227e-01 5.91888989e-01 8.82066976e-02]]
indicator: [0.44983152 0.9358635  0.39007338]

