Device ID: 0.019366957870297075
n_eval: 740
n_nds: 20
Best Solution Fitness: [[6.23182070e-05 6.19715022e-01 1.52168263e-01]
 [9.21134227e-01 2.31954504e-02 9.85362247e-02]
 [6.79068837e-01 9.18601778e-01 4.02024891e-04]
 [6.58660470e-01 1.18426096e-03 5.92962213e-01]
 [3.70525889e-02 9.78328576e-01 1.88387887e-02]
 [1.58117585e-03 2.14828477e-01 3.53407276e-01]
 [4.29579795e-01 1.89742113e-01 1.17814857e-03]
 [3.21014953e-01 5.67958798e-02 6.53120049e-02]
 [6.44826443e-02 1.16728507e-01 1.62696474e-01]
 [6.13719674e-01 3.11965920e-02 6.27101829e-02]
 [1.16494493e-02 5.56351405e-01 5.47899940e-02]
 [2.54653986e-03 1.40035563e-02 2.17611103e-01]
 [2.15469125e-02 4.18274508e-01 1.21282921e-01]
 [8.82371817e-02 3.94232057e-01 3.82643719e-02]
 [2.62618321e-01 2.98971707e-01 1.10691595e-03]
 [3.55863482e-02 2.34547798e-01 8.09142618e-02]
 [1.42133319e-01 1.98932447e-01 7.35530563e-03]
 [1.87181221e-01 1.56781128e-03 1.08287526e-01]
 [2.40855030e-02 3.39099970e-01 1.13592875e-01]
 [2.47254273e-01 3.25656097e-02 1.06073739e-01]]
indicator: [6.23182070e-05 6.19715022e-01 1.52168263e-01]

Device ID: 0.23984775914758616
n_eval: 740
n_nds: 20
Best Solution Fitness: [[6.23182070e-05 6.19715022e-01 1.52168263e-01]
 [9.21134227e-01 2.31954504e-02 9.85362247e-02]
 [6.79068837e-01 9.18601778e-01 4.02024891e-04]
 [6.58660470e-01 1.18426096e-03 5.92962213e-01]
 [3.70525889e-02 9.78328576e-01 1.88387887e-02]
 [1.58117585e-03 2.14828477e-01 3.53407276e-01]
 [4.29579795e-01 1.89742113e-01 1.17814857e-03]
 [3.21014953e-01 5.67958798e-02 6.53120049e-02]
 [6.44826443e-02 1.16728507e-01 1.62696474e-01]
 [6.13719674e-01 3.11965920e-02 6.27101829e-02]
 [1.16494493e-02 5.56351405e-01 5.47899940e-02]
 [2.54653986e-03 1.40035563e-02 2.17611103e-01]
 [2.15469125e-02 4.18274508e-01 1.21282921e-01]
 [8.82371817e-02 3.94232057e-01 3.82643719e-02]
 [2.62618321e-01 2.98971707e-01 1.10691595e-03]
 [3.55863482e-02 2.34547798e-01 8.09142618e-02]
 [1.42133319e-01 1.98932447e-01 7.35530563e-03]
 [1.87181221e-01 1.56781128e-03 1.08287526e-01]
 [2.40855030e-02 3.39099970e-01 1.13592875e-01]
 [2.47254273e-01 3.25656097e-02 1.06073739e-01]]
indicator: [0.92113423 0.02319545 0.09853622]

Device ID: 0.23984775914758616
n_eval: 740
n_nds: 20
Best Solution Fitness: [[6.23182070e-05 6.19715022e-01 1.52168263e-01]
 [9.21134227e-01 2.31954504e-02 9.85362247e-02]
 [6.79068837e-01 9.18601778e-01 4.02024891e-04]
 [6.58660470e-01 1.18426096e-03 5.92962213e-01]
 [3.70525889e-02 9.78328576e-01 1.88387887e-02]
 [1.58117585e-03 2.14828477e-01 3.53407276e-01]
 [4.29579795e-01 1.89742113e-01 1.17814857e-03]
 [3.21014953e-01 5.67958798e-02 6.53120049e-02]
 [6.44826443e-02 1.16728507e-01 1.62696474e-01]
 [6.13719674e-01 3.11965920e-02 6.27101829e-02]
 [1.16494493e-02 5.56351405e-01 5.47899940e-02]
 [2.54653986e-03 1.40035563e-02 2.17611103e-01]
 [2.15469125e-02 4.18274508e-01 1.21282921e-01]
 [8.82371817e-02 3.94232057e-01 3.82643719e-02]
 [2.62618321e-01 2.98971707e-01 1.10691595e-03]
 [3.55863482e-02 2.34547798e-01 8.09142618e-02]
 [1.42133319e-01 1.98932447e-01 7.35530563e-03]
 [1.87181221e-01 1.56781128e-03 1.08287526e-01]
 [2.40855030e-02 3.39099970e-01 1.13592875e-01]
 [2.47254273e-01 3.25656097e-02 1.06073739e-01]]
indicator: [6.79068837e-01 9.18601778e-01 4.02024891e-04]

Device ID: 0.019366957870297075
n_eval: 740
n_nds: 20
Best Solution Fitness: [[6.23182070e-05 6.19715022e-01 1.52168263e-01]
 [9.21134227e-01 2.31954504e-02 9.85362247e-02]
 [6.79068837e-01 9.18601778e-01 4.02024891e-04]
 [6.58660470e-01 1.18426096e-03 5.92962213e-01]
 [3.70525889e-02 9.78328576e-01 1.88387887e-02]
 [1.58117585e-03 2.14828477e-01 3.53407276e-01]
 [4.29579795e-01 1.89742113e-01 1.17814857e-03]
 [3.21014953e-01 5.67958798e-02 6.53120049e-02]
 [6.44826443e-02 1.16728507e-01 1.62696474e-01]
 [6.13719674e-01 3.11965920e-02 6.27101829e-02]
 [1.16494493e-02 5.56351405e-01 5.47899940e-02]
 [2.54653986e-03 1.40035563e-02 2.17611103e-01]
 [2.15469125e-02 4.18274508e-01 1.21282921e-01]
 [8.82371817e-02 3.94232057e-01 3.82643719e-02]
 [2.62618321e-01 2.98971707e-01 1.10691595e-03]
 [3.55863482e-02 2.34547798e-01 8.09142618e-02]
 [1.42133319e-01 1.98932447e-01 7.35530563e-03]
 [1.87181221e-01 1.56781128e-03 1.08287526e-01]
 [2.40855030e-02 3.39099970e-01 1.13592875e-01]
 [2.47254273e-01 3.25656097e-02 1.06073739e-01]]
indicator: [0.65866047 0.00118426 0.59296221]

Device ID: 0.4804156205262531
n_eval: 740
n_nds: 20
Best Solution Fitness: [[6.23182070e-05 6.19715022e-01 1.52168263e-01]
 [9.21134227e-01 2.31954504e-02 9.85362247e-02]
 [6.79068837e-01 9.18601778e-01 4.02024891e-04]
 [6.58660470e-01 1.18426096e-03 5.92962213e-01]
 [3.70525889e-02 9.78328576e-01 1.88387887e-02]
 [1.58117585e-03 2.14828477e-01 3.53407276e-01]
 [4.29579795e-01 1.89742113e-01 1.17814857e-03]
 [3.21014953e-01 5.67958798e-02 6.53120049e-02]
 [6.44826443e-02 1.16728507e-01 1.62696474e-01]
 [6.13719674e-01 3.11965920e-02 6.27101829e-02]
 [1.16494493e-02 5.56351405e-01 5.47899940e-02]
 [2.54653986e-03 1.40035563e-02 2.17611103e-01]
 [2.15469125e-02 4.18274508e-01 1.21282921e-01]
 [8.82371817e-02 3.94232057e-01 3.82643719e-02]
 [2.62618321e-01 2.98971707e-01 1.10691595e-03]
 [3.55863482e-02 2.34547798e-01 8.09142618e-02]
 [1.42133319e-01 1.98932447e-01 7.35530563e-03]
 [1.87181221e-01 1.56781128e-03 1.08287526e-01]
 [2.40855030e-02 3.39099970e-01 1.13592875e-01]
 [2.47254273e-01 3.25656097e-02 1.06073739e-01]]
indicator: [0.03705259 0.97832858 0.01883879]

Device ID: 0.023039717323771
n_eval: 740
n_nds: 20
Best Solution Fitness: [[6.23182070e-05 6.19715022e-01 1.52168263e-01]
 [9.21134227e-01 2.31954504e-02 9.85362247e-02]
 [6.79068837e-01 9.18601778e-01 4.02024891e-04]
 [6.58660470e-01 1.18426096e-03 5.92962213e-01]
 [3.70525889e-02 9.78328576e-01 1.88387887e-02]
 [1.58117585e-03 2.14828477e-01 3.53407276e-01]
 [4.29579795e-01 1.89742113e-01 1.17814857e-03]
 [3.21014953e-01 5.67958798e-02 6.53120049e-02]
 [6.44826443e-02 1.16728507e-01 1.62696474e-01]
 [6.13719674e-01 3.11965920e-02 6.27101829e-02]
 [1.16494493e-02 5.56351405e-01 5.47899940e-02]
 [2.54653986e-03 1.40035563e-02 2.17611103e-01]
 [2.15469125e-02 4.18274508e-01 1.21282921e-01]
 [8.82371817e-02 3.94232057e-01 3.82643719e-02]
 [2.62618321e-01 2.98971707e-01 1.10691595e-03]
 [3.55863482e-02 2.34547798e-01 8.09142618e-02]
 [1.42133319e-01 1.98932447e-01 7.35530563e-03]
 [1.87181221e-01 1.56781128e-03 1.08287526e-01]
 [2.40855030e-02 3.39099970e-01 1.13592875e-01]
 [2.47254273e-01 3.25656097e-02 1.06073739e-01]]
indicator: [0.00158118 0.21482848 0.35340728]

Device ID: 0.026447723548727764
n_eval: 740
n_nds: 20
Best Solution Fitness: [[6.23182070e-05 6.19715022e-01 1.52168263e-01]
 [9.21134227e-01 2.31954504e-02 9.85362247e-02]
 [6.79068837e-01 9.18601778e-01 4.02024891e-04]
 [6.58660470e-01 1.18426096e-03 5.92962213e-01]
 [3.70525889e-02 9.78328576e-01 1.88387887e-02]
 [1.58117585e-03 2.14828477e-01 3.53407276e-01]
 [4.29579795e-01 1.89742113e-01 1.17814857e-03]
 [3.21014953e-01 5.67958798e-02 6.53120049e-02]
 [6.44826443e-02 1.16728507e-01 1.62696474e-01]
 [6.13719674e-01 3.11965920e-02 6.27101829e-02]
 [1.16494493e-02 5.56351405e-01 5.47899940e-02]
 [2.54653986e-03 1.40035563e-02 2.17611103e-01]
 [2.15469125e-02 4.18274508e-01 1.21282921e-01]
 [8.82371817e-02 3.94232057e-01 3.82643719e-02]
 [2.62618321e-01 2.98971707e-01 1.10691595e-03]
 [3.55863482e-02 2.34547798e-01 8.09142618e-02]
 [1.42133319e-01 1.98932447e-01 7.35530563e-03]
 [1.87181221e-01 1.56781128e-03 1.08287526e-01]
 [2.40855030e-02 3.39099970e-01 1.13592875e-01]
 [2.47254273e-01 3.25656097e-02 1.06073739e-01]]
indicator: [0.42957979 0.18974211 0.00117815]

Device ID: 0.23984775914758616
n_eval: 740
n_nds: 20
Best Solution Fitness: [[6.23182070e-05 6.19715022e-01 1.52168263e-01]
 [9.21134227e-01 2.31954504e-02 9.85362247e-02]
 [6.79068837e-01 9.18601778e-01 4.02024891e-04]
 [6.58660470e-01 1.18426096e-03 5.92962213e-01]
 [3.70525889e-02 9.78328576e-01 1.88387887e-02]
 [1.58117585e-03 2.14828477e-01 3.53407276e-01]
 [4.29579795e-01 1.89742113e-01 1.17814857e-03]
 [3.21014953e-01 5.67958798e-02 6.53120049e-02]
 [6.44826443e-02 1.16728507e-01 1.62696474e-01]
 [6.13719674e-01 3.11965920e-02 6.27101829e-02]
 [1.16494493e-02 5.56351405e-01 5.47899940e-02]
 [2.54653986e-03 1.40035563e-02 2.17611103e-01]
 [2.15469125e-02 4.18274508e-01 1.21282921e-01]
 [8.82371817e-02 3.94232057e-01 3.82643719e-02]
 [2.62618321e-01 2.98971707e-01 1.10691595e-03]
 [3.55863482e-02 2.34547798e-01 8.09142618e-02]
 [1.42133319e-01 1.98932447e-01 7.35530563e-03]
 [1.87181221e-01 1.56781128e-03 1.08287526e-01]
 [2.40855030e-02 3.39099970e-01 1.13592875e-01]
 [2.47254273e-01 3.25656097e-02 1.06073739e-01]]
indicator: [0.32101495 0.05679588 0.065312  ]

Device ID: 0.016761290001071794
n_eval: 740
n_nds: 20
Best Solution Fitness: [[6.23182070e-05 6.19715022e-01 1.52168263e-01]
 [9.21134227e-01 2.31954504e-02 9.85362247e-02]
 [6.79068837e-01 9.18601778e-01 4.02024891e-04]
 [6.58660470e-01 1.18426096e-03 5.92962213e-01]
 [3.70525889e-02 9.78328576e-01 1.88387887e-02]
 [1.58117585e-03 2.14828477e-01 3.53407276e-01]
 [4.29579795e-01 1.89742113e-01 1.17814857e-03]
 [3.21014953e-01 5.67958798e-02 6.53120049e-02]
 [6.44826443e-02 1.16728507e-01 1.62696474e-01]
 [6.13719674e-01 3.11965920e-02 6.27101829e-02]
 [1.16494493e-02 5.56351405e-01 5.47899940e-02]
 [2.54653986e-03 1.40035563e-02 2.17611103e-01]
 [2.15469125e-02 4.18274508e-01 1.21282921e-01]
 [8.82371817e-02 3.94232057e-01 3.82643719e-02]
 [2.62618321e-01 2.98971707e-01 1.10691595e-03]
 [3.55863482e-02 2.34547798e-01 8.09142618e-02]
 [1.42133319e-01 1.98932447e-01 7.35530563e-03]
 [1.87181221e-01 1.56781128e-03 1.08287526e-01]
 [2.40855030e-02 3.39099970e-01 1.13592875e-01]
 [2.47254273e-01 3.25656097e-02 1.06073739e-01]]
indicator: [0.06448264 0.11672851 0.16269647]

Device ID: 0.07518793971201876
n_eval: 740
n_nds: 20
Best Solution Fitness: [[6.23182070e-05 6.19715022e-01 1.52168263e-01]
 [9.21134227e-01 2.31954504e-02 9.85362247e-02]
 [6.79068837e-01 9.18601778e-01 4.02024891e-04]
 [6.58660470e-01 1.18426096e-03 5.92962213e-01]
 [3.70525889e-02 9.78328576e-01 1.88387887e-02]
 [1.58117585e-03 2.14828477e-01 3.53407276e-01]
 [4.29579795e-01 1.89742113e-01 1.17814857e-03]
 [3.21014953e-01 5.67958798e-02 6.53120049e-02]
 [6.44826443e-02 1.16728507e-01 1.62696474e-01]
 [6.13719674e-01 3.11965920e-02 6.27101829e-02]
 [1.16494493e-02 5.56351405e-01 5.47899940e-02]
 [2.54653986e-03 1.40035563e-02 2.17611103e-01]
 [2.15469125e-02 4.18274508e-01 1.21282921e-01]
 [8.82371817e-02 3.94232057e-01 3.82643719e-02]
 [2.62618321e-01 2.98971707e-01 1.10691595e-03]
 [3.55863482e-02 2.34547798e-01 8.09142618e-02]
 [1.42133319e-01 1.98932447e-01 7.35530563e-03]
 [1.87181221e-01 1.56781128e-03 1.08287526e-01]
 [2.40855030e-02 3.39099970e-01 1.13592875e-01]
 [2.47254273e-01 3.25656097e-02 1.06073739e-01]]
indicator: [0.61371967 0.03119659 0.06271018]

Device ID: 0.023039717323771
n_eval: 740
n_nds: 20
Best Solution Fitness: [[6.23182070e-05 6.19715022e-01 1.52168263e-01]
 [9.21134227e-01 2.31954504e-02 9.85362247e-02]
 [6.79068837e-01 9.18601778e-01 4.02024891e-04]
 [6.58660470e-01 1.18426096e-03 5.92962213e-01]
 [3.70525889e-02 9.78328576e-01 1.88387887e-02]
 [1.58117585e-03 2.14828477e-01 3.53407276e-01]
 [4.29579795e-01 1.89742113e-01 1.17814857e-03]
 [3.21014953e-01 5.67958798e-02 6.53120049e-02]
 [6.44826443e-02 1.16728507e-01 1.62696474e-01]
 [6.13719674e-01 3.11965920e-02 6.27101829e-02]
 [1.16494493e-02 5.56351405e-01 5.47899940e-02]
 [2.54653986e-03 1.40035563e-02 2.17611103e-01]
 [2.15469125e-02 4.18274508e-01 1.21282921e-01]
 [8.82371817e-02 3.94232057e-01 3.82643719e-02]
 [2.62618321e-01 2.98971707e-01 1.10691595e-03]
 [3.55863482e-02 2.34547798e-01 8.09142618e-02]
 [1.42133319e-01 1.98932447e-01 7.35530563e-03]
 [1.87181221e-01 1.56781128e-03 1.08287526e-01]
 [2.40855030e-02 3.39099970e-01 1.13592875e-01]
 [2.47254273e-01 3.25656097e-02 1.06073739e-01]]
indicator: [0.01164945 0.55635141 0.05478999]

Device ID: 0.019366957870297075
n_eval: 740
n_nds: 20
Best Solution Fitness: [[6.23182070e-05 6.19715022e-01 1.52168263e-01]
 [9.21134227e-01 2.31954504e-02 9.85362247e-02]
 [6.79068837e-01 9.18601778e-01 4.02024891e-04]
 [6.58660470e-01 1.18426096e-03 5.92962213e-01]
 [3.70525889e-02 9.78328576e-01 1.88387887e-02]
 [1.58117585e-03 2.14828477e-01 3.53407276e-01]
 [4.29579795e-01 1.89742113e-01 1.17814857e-03]
 [3.21014953e-01 5.67958798e-02 6.53120049e-02]
 [6.44826443e-02 1.16728507e-01 1.62696474e-01]
 [6.13719674e-01 3.11965920e-02 6.27101829e-02]
 [1.16494493e-02 5.56351405e-01 5.47899940e-02]
 [2.54653986e-03 1.40035563e-02 2.17611103e-01]
 [2.15469125e-02 4.18274508e-01 1.21282921e-01]
 [8.82371817e-02 3.94232057e-01 3.82643719e-02]
 [2.62618321e-01 2.98971707e-01 1.10691595e-03]
 [3.55863482e-02 2.34547798e-01 8.09142618e-02]
 [1.42133319e-01 1.98932447e-01 7.35530563e-03]
 [1.87181221e-01 1.56781128e-03 1.08287526e-01]
 [2.40855030e-02 3.39099970e-01 1.13592875e-01]
 [2.47254273e-01 3.25656097e-02 1.06073739e-01]]
indicator: [0.00254654 0.01400356 0.2176111 ]

Device ID: 0.48356367542406703
n_eval: 740
n_nds: 20
Best Solution Fitness: [[6.23182070e-05 6.19715022e-01 1.52168263e-01]
 [9.21134227e-01 2.31954504e-02 9.85362247e-02]
 [6.79068837e-01 9.18601778e-01 4.02024891e-04]
 [6.58660470e-01 1.18426096e-03 5.92962213e-01]
 [3.70525889e-02 9.78328576e-01 1.88387887e-02]
 [1.58117585e-03 2.14828477e-01 3.53407276e-01]
 [4.29579795e-01 1.89742113e-01 1.17814857e-03]
 [3.21014953e-01 5.67958798e-02 6.53120049e-02]
 [6.44826443e-02 1.16728507e-01 1.62696474e-01]
 [6.13719674e-01 3.11965920e-02 6.27101829e-02]
 [1.16494493e-02 5.56351405e-01 5.47899940e-02]
 [2.54653986e-03 1.40035563e-02 2.17611103e-01]
 [2.15469125e-02 4.18274508e-01 1.21282921e-01]
 [8.82371817e-02 3.94232057e-01 3.82643719e-02]
 [2.62618321e-01 2.98971707e-01 1.10691595e-03]
 [3.55863482e-02 2.34547798e-01 8.09142618e-02]
 [1.42133319e-01 1.98932447e-01 7.35530563e-03]
 [1.87181221e-01 1.56781128e-03 1.08287526e-01]
 [2.40855030e-02 3.39099970e-01 1.13592875e-01]
 [2.47254273e-01 3.25656097e-02 1.06073739e-01]]
indicator: [0.02154691 0.41827451 0.12128292]

Device ID: 0.09620500502293984
n_eval: 740
n_nds: 20
Best Solution Fitness: [[6.23182070e-05 6.19715022e-01 1.52168263e-01]
 [9.21134227e-01 2.31954504e-02 9.85362247e-02]
 [6.79068837e-01 9.18601778e-01 4.02024891e-04]
 [6.58660470e-01 1.18426096e-03 5.92962213e-01]
 [3.70525889e-02 9.78328576e-01 1.88387887e-02]
 [1.58117585e-03 2.14828477e-01 3.53407276e-01]
 [4.29579795e-01 1.89742113e-01 1.17814857e-03]
 [3.21014953e-01 5.67958798e-02 6.53120049e-02]
 [6.44826443e-02 1.16728507e-01 1.62696474e-01]
 [6.13719674e-01 3.11965920e-02 6.27101829e-02]
 [1.16494493e-02 5.56351405e-01 5.47899940e-02]
 [2.54653986e-03 1.40035563e-02 2.17611103e-01]
 [2.15469125e-02 4.18274508e-01 1.21282921e-01]
 [8.82371817e-02 3.94232057e-01 3.82643719e-02]
 [2.62618321e-01 2.98971707e-01 1.10691595e-03]
 [3.55863482e-02 2.34547798e-01 8.09142618e-02]
 [1.42133319e-01 1.98932447e-01 7.35530563e-03]
 [1.87181221e-01 1.56781128e-03 1.08287526e-01]
 [2.40855030e-02 3.39099970e-01 1.13592875e-01]
 [2.47254273e-01 3.25656097e-02 1.06073739e-01]]
indicator: [0.08823718 0.39423206 0.03826437]

Device ID: 0.23984775914758616
n_eval: 740
n_nds: 20
Best Solution Fitness: [[6.23182070e-05 6.19715022e-01 1.52168263e-01]
 [9.21134227e-01 2.31954504e-02 9.85362247e-02]
 [6.79068837e-01 9.18601778e-01 4.02024891e-04]
 [6.58660470e-01 1.18426096e-03 5.92962213e-01]
 [3.70525889e-02 9.78328576e-01 1.88387887e-02]
 [1.58117585e-03 2.14828477e-01 3.53407276e-01]
 [4.29579795e-01 1.89742113e-01 1.17814857e-03]
 [3.21014953e-01 5.67958798e-02 6.53120049e-02]
 [6.44826443e-02 1.16728507e-01 1.62696474e-01]
 [6.13719674e-01 3.11965920e-02 6.27101829e-02]
 [1.16494493e-02 5.56351405e-01 5.47899940e-02]
 [2.54653986e-03 1.40035563e-02 2.17611103e-01]
 [2.15469125e-02 4.18274508e-01 1.21282921e-01]
 [8.82371817e-02 3.94232057e-01 3.82643719e-02]
 [2.62618321e-01 2.98971707e-01 1.10691595e-03]
 [3.55863482e-02 2.34547798e-01 8.09142618e-02]
 [1.42133319e-01 1.98932447e-01 7.35530563e-03]
 [1.87181221e-01 1.56781128e-03 1.08287526e-01]
 [2.40855030e-02 3.39099970e-01 1.13592875e-01]
 [2.47254273e-01 3.25656097e-02 1.06073739e-01]]
indicator: [0.26261832 0.29897171 0.00110692]

Device ID: 0.023039717323771
n_eval: 740
n_nds: 20
Best Solution Fitness: [[6.23182070e-05 6.19715022e-01 1.52168263e-01]
 [9.21134227e-01 2.31954504e-02 9.85362247e-02]
 [6.79068837e-01 9.18601778e-01 4.02024891e-04]
 [6.58660470e-01 1.18426096e-03 5.92962213e-01]
 [3.70525889e-02 9.78328576e-01 1.88387887e-02]
 [1.58117585e-03 2.14828477e-01 3.53407276e-01]
 [4.29579795e-01 1.89742113e-01 1.17814857e-03]
 [3.21014953e-01 5.67958798e-02 6.53120049e-02]
 [6.44826443e-02 1.16728507e-01 1.62696474e-01]
 [6.13719674e-01 3.11965920e-02 6.27101829e-02]
 [1.16494493e-02 5.56351405e-01 5.47899940e-02]
 [2.54653986e-03 1.40035563e-02 2.17611103e-01]
 [2.15469125e-02 4.18274508e-01 1.21282921e-01]
 [8.82371817e-02 3.94232057e-01 3.82643719e-02]
 [2.62618321e-01 2.98971707e-01 1.10691595e-03]
 [3.55863482e-02 2.34547798e-01 8.09142618e-02]
 [1.42133319e-01 1.98932447e-01 7.35530563e-03]
 [1.87181221e-01 1.56781128e-03 1.08287526e-01]
 [2.40855030e-02 3.39099970e-01 1.13592875e-01]
 [2.47254273e-01 3.25656097e-02 1.06073739e-01]]
indicator: [0.03558635 0.2345478  0.08091426]

Device ID: 0.006020102187945353
n_eval: 740
n_nds: 20
Best Solution Fitness: [[6.23182070e-05 6.19715022e-01 1.52168263e-01]
 [9.21134227e-01 2.31954504e-02 9.85362247e-02]
 [6.79068837e-01 9.18601778e-01 4.02024891e-04]
 [6.58660470e-01 1.18426096e-03 5.92962213e-01]
 [3.70525889e-02 9.78328576e-01 1.88387887e-02]
 [1.58117585e-03 2.14828477e-01 3.53407276e-01]
 [4.29579795e-01 1.89742113e-01 1.17814857e-03]
 [3.21014953e-01 5.67958798e-02 6.53120049e-02]
 [6.44826443e-02 1.16728507e-01 1.62696474e-01]
 [6.13719674e-01 3.11965920e-02 6.27101829e-02]
 [1.16494493e-02 5.56351405e-01 5.47899940e-02]
 [2.54653986e-03 1.40035563e-02 2.17611103e-01]
 [2.15469125e-02 4.18274508e-01 1.21282921e-01]
 [8.82371817e-02 3.94232057e-01 3.82643719e-02]
 [2.62618321e-01 2.98971707e-01 1.10691595e-03]
 [3.55863482e-02 2.34547798e-01 8.09142618e-02]
 [1.42133319e-01 1.98932447e-01 7.35530563e-03]
 [1.87181221e-01 1.56781128e-03 1.08287526e-01]
 [2.40855030e-02 3.39099970e-01 1.13592875e-01]
 [2.47254273e-01 3.25656097e-02 1.06073739e-01]]
indicator: [0.14213332 0.19893245 0.00735531]

Device ID: 0.48648838389952365
n_eval: 740
n_nds: 20
Best Solution Fitness: [[6.23182070e-05 6.19715022e-01 1.52168263e-01]
 [9.21134227e-01 2.31954504e-02 9.85362247e-02]
 [6.79068837e-01 9.18601778e-01 4.02024891e-04]
 [6.58660470e-01 1.18426096e-03 5.92962213e-01]
 [3.70525889e-02 9.78328576e-01 1.88387887e-02]
 [1.58117585e-03 2.14828477e-01 3.53407276e-01]
 [4.29579795e-01 1.89742113e-01 1.17814857e-03]
 [3.21014953e-01 5.67958798e-02 6.53120049e-02]
 [6.44826443e-02 1.16728507e-01 1.62696474e-01]
 [6.13719674e-01 3.11965920e-02 6.27101829e-02]
 [1.16494493e-02 5.56351405e-01 5.47899940e-02]
 [2.54653986e-03 1.40035563e-02 2.17611103e-01]
 [2.15469125e-02 4.18274508e-01 1.21282921e-01]
 [8.82371817e-02 3.94232057e-01 3.82643719e-02]
 [2.62618321e-01 2.98971707e-01 1.10691595e-03]
 [3.55863482e-02 2.34547798e-01 8.09142618e-02]
 [1.42133319e-01 1.98932447e-01 7.35530563e-03]
 [1.87181221e-01 1.56781128e-03 1.08287526e-01]
 [2.40855030e-02 3.39099970e-01 1.13592875e-01]
 [2.47254273e-01 3.25656097e-02 1.06073739e-01]]
indicator: [0.18718122 0.00156781 0.10828753]

Device ID: 0.019366957870297075
n_eval: 740
n_nds: 20
Best Solution Fitness: [[6.23182070e-05 6.19715022e-01 1.52168263e-01]
 [9.21134227e-01 2.31954504e-02 9.85362247e-02]
 [6.79068837e-01 9.18601778e-01 4.02024891e-04]
 [6.58660470e-01 1.18426096e-03 5.92962213e-01]
 [3.70525889e-02 9.78328576e-01 1.88387887e-02]
 [1.58117585e-03 2.14828477e-01 3.53407276e-01]
 [4.29579795e-01 1.89742113e-01 1.17814857e-03]
 [3.21014953e-01 5.67958798e-02 6.53120049e-02]
 [6.44826443e-02 1.16728507e-01 1.62696474e-01]
 [6.13719674e-01 3.11965920e-02 6.27101829e-02]
 [1.16494493e-02 5.56351405e-01 5.47899940e-02]
 [2.54653986e-03 1.40035563e-02 2.17611103e-01]
 [2.15469125e-02 4.18274508e-01 1.21282921e-01]
 [8.82371817e-02 3.94232057e-01 3.82643719e-02]
 [2.62618321e-01 2.98971707e-01 1.10691595e-03]
 [3.55863482e-02 2.34547798e-01 8.09142618e-02]
 [1.42133319e-01 1.98932447e-01 7.35530563e-03]
 [1.87181221e-01 1.56781128e-03 1.08287526e-01]
 [2.40855030e-02 3.39099970e-01 1.13592875e-01]
 [2.47254273e-01 3.25656097e-02 1.06073739e-01]]
indicator: [0.0240855  0.33909997 0.11359288]

Device ID: 0.22351937586434514
n_eval: 740
n_nds: 20
Best Solution Fitness: [[6.23182070e-05 6.19715022e-01 1.52168263e-01]
 [9.21134227e-01 2.31954504e-02 9.85362247e-02]
 [6.79068837e-01 9.18601778e-01 4.02024891e-04]
 [6.58660470e-01 1.18426096e-03 5.92962213e-01]
 [3.70525889e-02 9.78328576e-01 1.88387887e-02]
 [1.58117585e-03 2.14828477e-01 3.53407276e-01]
 [4.29579795e-01 1.89742113e-01 1.17814857e-03]
 [3.21014953e-01 5.67958798e-02 6.53120049e-02]
 [6.44826443e-02 1.16728507e-01 1.62696474e-01]
 [6.13719674e-01 3.11965920e-02 6.27101829e-02]
 [1.16494493e-02 5.56351405e-01 5.47899940e-02]
 [2.54653986e-03 1.40035563e-02 2.17611103e-01]
 [2.15469125e-02 4.18274508e-01 1.21282921e-01]
 [8.82371817e-02 3.94232057e-01 3.82643719e-02]
 [2.62618321e-01 2.98971707e-01 1.10691595e-03]
 [3.55863482e-02 2.34547798e-01 8.09142618e-02]
 [1.42133319e-01 1.98932447e-01 7.35530563e-03]
 [1.87181221e-01 1.56781128e-03 1.08287526e-01]
 [2.40855030e-02 3.39099970e-01 1.13592875e-01]
 [2.47254273e-01 3.25656097e-02 1.06073739e-01]]
indicator: [0.24725427 0.03256561 0.10607374]

