Device ID: 0.10233442882782584
n_eval: 60
n_nds: 7
Best Solution Fitness: [[8.27115471e-01 1.50189807e-02 1.76196256e-01]
 [6.79068837e-01 9.18601778e-01 4.02024891e-04]
 [2.54653986e-03 1.40035563e-02 2.17611103e-01]
 [3.96003215e-01 7.29957494e-01 6.00753246e-03]
 [6.13719674e-01 3.11965920e-02 6.27101829e-02]
 [7.64726639e-01 5.18281580e-01 5.31653296e-03]
 [7.05420447e-02 7.34666544e-02 1.47437909e-02]]
indicator: [0.82711547 0.01501898 0.17619626]

Device ID: 0.23984775914758616
n_eval: 60
n_nds: 7
Best Solution Fitness: [[8.27115471e-01 1.50189807e-02 1.76196256e-01]
 [6.79068837e-01 9.18601778e-01 4.02024891e-04]
 [2.54653986e-03 1.40035563e-02 2.17611103e-01]
 [3.96003215e-01 7.29957494e-01 6.00753246e-03]
 [6.13719674e-01 3.11965920e-02 6.27101829e-02]
 [7.64726639e-01 5.18281580e-01 5.31653296e-03]
 [7.05420447e-02 7.34666544e-02 1.47437909e-02]]
indicator: [6.79068837e-01 9.18601778e-01 4.02024891e-04]

Device ID: 0.019366957870297075
n_eval: 60
n_nds: 7
Best Solution Fitness: [[8.27115471e-01 1.50189807e-02 1.76196256e-01]
 [6.79068837e-01 9.18601778e-01 4.02024891e-04]
 [2.54653986e-03 1.40035563e-02 2.17611103e-01]
 [3.96003215e-01 7.29957494e-01 6.00753246e-03]
 [6.13719674e-01 3.11965920e-02 6.27101829e-02]
 [7.64726639e-01 5.18281580e-01 5.31653296e-03]
 [7.05420447e-02 7.34666544e-02 1.47437909e-02]]
indicator: [0.00254654 0.01400356 0.2176111 ]

Device ID: 0.48648838389952365
n_eval: 60
n_nds: 7
Best Solution Fitness: [[8.27115471e-01 1.50189807e-02 1.76196256e-01]
 [6.79068837e-01 9.18601778e-01 4.02024891e-04]
 [2.54653986e-03 1.40035563e-02 2.17611103e-01]
 [3.96003215e-01 7.29957494e-01 6.00753246e-03]
 [6.13719674e-01 3.11965920e-02 6.27101829e-02]
 [7.64726639e-01 5.18281580e-01 5.31653296e-03]
 [7.05420447e-02 7.34666544e-02 1.47437909e-02]]
indicator: [0.39600321 0.72995749 0.00600753]

Device ID: 0.07518793971201876
n_eval: 60
n_nds: 7
Best Solution Fitness: [[8.27115471e-01 1.50189807e-02 1.76196256e-01]
 [6.79068837e-01 9.18601778e-01 4.02024891e-04]
 [2.54653986e-03 1.40035563e-02 2.17611103e-01]
 [3.96003215e-01 7.29957494e-01 6.00753246e-03]
 [6.13719674e-01 3.11965920e-02 6.27101829e-02]
 [7.64726639e-01 5.18281580e-01 5.31653296e-03]
 [7.05420447e-02 7.34666544e-02 1.47437909e-02]]
indicator: [0.61371967 0.03119659 0.06271018]

Device ID: 0.029241187379049682
n_eval: 60
n_nds: 7
Best Solution Fitness: [[8.27115471e-01 1.50189807e-02 1.76196256e-01]
 [6.79068837e-01 9.18601778e-01 4.02024891e-04]
 [2.54653986e-03 1.40035563e-02 2.17611103e-01]
 [3.96003215e-01 7.29957494e-01 6.00753246e-03]
 [6.13719674e-01 3.11965920e-02 6.27101829e-02]
 [7.64726639e-01 5.18281580e-01 5.31653296e-03]
 [7.05420447e-02 7.34666544e-02 1.47437909e-02]]
indicator: [0.76472664 0.51828158 0.00531653]

Device ID: 0.023039717323771
n_eval: 60
n_nds: 7
Best Solution Fitness: [[8.27115471e-01 1.50189807e-02 1.76196256e-01]
 [6.79068837e-01 9.18601778e-01 4.02024891e-04]
 [2.54653986e-03 1.40035563e-02 2.17611103e-01]
 [3.96003215e-01 7.29957494e-01 6.00753246e-03]
 [6.13719674e-01 3.11965920e-02 6.27101829e-02]
 [7.64726639e-01 5.18281580e-01 5.31653296e-03]
 [7.05420447e-02 7.34666544e-02 1.47437909e-02]]
indicator: [0.07054204 0.07346665 0.01474379]

Device ID: 0.9634924451200972
n_eval: 60
n_nds: 7
Best Solution Fitness: [[8.27115471e-01 1.50189807e-02 1.76196256e-01]
 [6.79068837e-01 9.18601778e-01 4.02024891e-04]
 [2.54653986e-03 1.40035563e-02 2.17611103e-01]
 [3.96003215e-01 7.29957494e-01 6.00753246e-03]
 [6.13719674e-01 3.11965920e-02 6.27101829e-02]
 [7.64726639e-01 5.18281580e-01 5.31653296e-03]
 [7.05420447e-02 7.34666544e-02 1.47437909e-02]]
indicator: [0.26313902 0.07161028 0.97867281]

Device ID: 0.102008618163008
n_eval: 60
n_nds: 7
Best Solution Fitness: [[8.27115471e-01 1.50189807e-02 1.76196256e-01]
 [6.79068837e-01 9.18601778e-01 4.02024891e-04]
 [2.54653986e-03 1.40035563e-02 2.17611103e-01]
 [3.96003215e-01 7.29957494e-01 6.00753246e-03]
 [6.13719674e-01 3.11965920e-02 6.27101829e-02]
 [7.64726639e-01 5.18281580e-01 5.31653296e-03]
 [7.05420447e-02 7.34666544e-02 1.47437909e-02]]
indicator: [0.90484578 0.06327148 0.29229909]

Device ID: 0.019366957870297075
n_eval: 60
n_nds: 7
Best Solution Fitness: [[8.27115471e-01 1.50189807e-02 1.76196256e-01]
 [6.79068837e-01 9.18601778e-01 4.02024891e-04]
 [2.54653986e-03 1.40035563e-02 2.17611103e-01]
 [3.96003215e-01 7.29957494e-01 6.00753246e-03]
 [6.13719674e-01 3.11965920e-02 6.27101829e-02]
 [7.64726639e-01 5.18281580e-01 5.31653296e-03]
 [7.05420447e-02 7.34666544e-02 1.47437909e-02]]
indicator: [0.50566217 0.02152481 0.94797021]

Device ID: 0.8870588103910346
n_eval: 60
n_nds: 7
Best Solution Fitness: [[8.27115471e-01 1.50189807e-02 1.76196256e-01]
 [6.79068837e-01 9.18601778e-01 4.02024891e-04]
 [2.54653986e-03 1.40035563e-02 2.17611103e-01]
 [3.96003215e-01 7.29957494e-01 6.00753246e-03]
 [6.13719674e-01 3.11965920e-02 6.27101829e-02]
 [7.64726639e-01 5.18281580e-01 5.31653296e-03]
 [7.05420447e-02 7.34666544e-02 1.47437909e-02]]
indicator: [0.44100662 0.73961196 0.03760388]

Device ID: 0.01988013383979559
n_eval: 60
n_nds: 7
Best Solution Fitness: [[8.27115471e-01 1.50189807e-02 1.76196256e-01]
 [6.79068837e-01 9.18601778e-01 4.02024891e-04]
 [2.54653986e-03 1.40035563e-02 2.17611103e-01]
 [3.96003215e-01 7.29957494e-01 6.00753246e-03]
 [6.13719674e-01 3.11965920e-02 6.27101829e-02]
 [7.64726639e-01 5.18281580e-01 5.31653296e-03]
 [7.05420447e-02 7.34666544e-02 1.47437909e-02]]
indicator: [0.01553328 0.59348141 0.43367635]

Device ID: 0.5562402339904189
n_eval: 60
n_nds: 7
Best Solution Fitness: [[8.27115471e-01 1.50189807e-02 1.76196256e-01]
 [6.79068837e-01 9.18601778e-01 4.02024891e-04]
 [2.54653986e-03 1.40035563e-02 2.17611103e-01]
 [3.96003215e-01 7.29957494e-01 6.00753246e-03]
 [6.13719674e-01 3.11965920e-02 6.27101829e-02]
 [7.64726639e-01 5.18281580e-01 5.31653296e-03]
 [7.05420447e-02 7.34666544e-02 1.47437909e-02]]
indicator: [0.0468758  0.25570823 0.43255233]

Device ID: 0.10472555547790599
n_eval: 60
n_nds: 7
Best Solution Fitness: [[8.27115471e-01 1.50189807e-02 1.76196256e-01]
 [6.79068837e-01 9.18601778e-01 4.02024891e-04]
 [2.54653986e-03 1.40035563e-02 2.17611103e-01]
 [3.96003215e-01 7.29957494e-01 6.00753246e-03]
 [6.13719674e-01 3.11965920e-02 6.27101829e-02]
 [7.64726639e-01 5.18281580e-01 5.31653296e-03]
 [7.05420447e-02 7.34666544e-02 1.47437909e-02]]
indicator: [0.21077094 0.50282438 0.10495367]

Device ID: 0.417022004702574
n_eval: 60
n_nds: 7
Best Solution Fitness: [[8.27115471e-01 1.50189807e-02 1.76196256e-01]
 [6.79068837e-01 9.18601778e-01 4.02024891e-04]
 [2.54653986e-03 1.40035563e-02 2.17611103e-01]
 [3.96003215e-01 7.29957494e-01 6.00753246e-03]
 [6.13719674e-01 3.11965920e-02 6.27101829e-02]
 [7.64726639e-01 5.18281580e-01 5.31653296e-03]
 [7.05420447e-02 7.34666544e-02 1.47437909e-02]]
indicator: [0.65454599 0.60878279 0.06806776]

Device ID: 0.9490709574451923
n_eval: 60
n_nds: 7
Best Solution Fitness: [[8.27115471e-01 1.50189807e-02 1.76196256e-01]
 [6.79068837e-01 9.18601778e-01 4.02024891e-04]
 [2.54653986e-03 1.40035563e-02 2.17611103e-01]
 [3.96003215e-01 7.29957494e-01 6.00753246e-03]
 [6.13719674e-01 3.11965920e-02 6.27101829e-02]
 [7.64726639e-01 5.18281580e-01 5.31653296e-03]
 [7.05420447e-02 7.34666544e-02 1.47437909e-02]]
indicator: [0.13415352 0.7088173  0.15321342]

Device ID: 0.9034019152878835
n_eval: 60
n_nds: 7
Best Solution Fitness: [[8.27115471e-01 1.50189807e-02 1.76196256e-01]
 [6.79068837e-01 9.18601778e-01 4.02024891e-04]
 [2.54653986e-03 1.40035563e-02 2.17611103e-01]
 [3.96003215e-01 7.29957494e-01 6.00753246e-03]
 [6.13719674e-01 3.11965920e-02 6.27101829e-02]
 [7.64726639e-01 5.18281580e-01 5.31653296e-03]
 [7.05420447e-02 7.34666544e-02 1.47437909e-02]]
indicator: [0.84854731 0.52527177 0.09677402]

Device ID: 0.9888610889064947
n_eval: 60
n_nds: 7
Best Solution Fitness: [[8.27115471e-01 1.50189807e-02 1.76196256e-01]
 [6.79068837e-01 9.18601778e-01 4.02024891e-04]
 [2.54653986e-03 1.40035563e-02 2.17611103e-01]
 [3.96003215e-01 7.29957494e-01 6.00753246e-03]
 [6.13719674e-01 3.11965920e-02 6.27101829e-02]
 [7.64726639e-01 5.18281580e-01 5.31653296e-03]
 [7.05420447e-02 7.34666544e-02 1.47437909e-02]]
indicator: [0.17395567 0.12632952 0.13507916]

Device ID: 0.07197427968948678
n_eval: 60
n_nds: 7
Best Solution Fitness: [[8.27115471e-01 1.50189807e-02 1.76196256e-01]
 [6.79068837e-01 9.18601778e-01 4.02024891e-04]
 [2.54653986e-03 1.40035563e-02 2.17611103e-01]
 [3.96003215e-01 7.29957494e-01 6.00753246e-03]
 [6.13719674e-01 3.11965920e-02 6.27101829e-02]
 [7.64726639e-01 5.18281580e-01 5.31653296e-03]
 [7.05420447e-02 7.34666544e-02 1.47437909e-02]]
indicator: [0.61203118 0.05390927 0.42019368]

Device ID: 0.07197427968948678
n_eval: 60
n_nds: 7
Best Solution Fitness: [[8.27115471e-01 1.50189807e-02 1.76196256e-01]
 [6.79068837e-01 9.18601778e-01 4.02024891e-04]
 [2.54653986e-03 1.40035563e-02 2.17611103e-01]
 [3.96003215e-01 7.29957494e-01 6.00753246e-03]
 [6.13719674e-01 3.11965920e-02 6.27101829e-02]
 [7.64726639e-01 5.18281580e-01 5.31653296e-03]
 [7.05420447e-02 7.34666544e-02 1.47437909e-02]]
indicator: [0.86104314 0.07246489 0.32878112]

