Device ID: 0.2482543891858638
n_eval: 980
n_nds: 20
Best Solution Fitness: [[4.48245474e-02 2.45255100e-03 9.51591870e-01]
 [5.00680574e-01 1.14149636e-03 1.07549907e-01]
 [2.61836802e-01 9.81994023e-01 4.16902128e-03]
 [6.23182070e-05 6.19715022e-01 1.52168263e-01]
 [9.21134227e-01 2.31954504e-02 9.85362247e-02]
 [6.79068837e-01 9.18601778e-01 4.02024891e-04]
 [1.41356617e-01 3.55042407e-03 7.70252233e-01]
 [1.58117585e-03 2.14828477e-01 3.53407276e-01]
 [4.29579795e-01 1.89742113e-01 1.17814857e-03]
 [1.33198332e-01 8.21106308e-03 9.42958304e-01]
 [3.21014953e-01 5.67958798e-02 6.53120049e-02]
 [2.15469125e-02 4.18274508e-01 1.21282921e-01]
 [2.62618321e-01 2.98971707e-01 1.10691595e-03]
 [1.16494493e-02 5.56351405e-01 5.47899940e-02]
 [6.13719674e-01 3.11965920e-02 6.27101829e-02]
 [2.19347432e-01 9.72040888e-01 3.36702894e-02]
 [2.54653986e-03 1.40035563e-02 2.17611103e-01]
 [8.82371817e-02 3.94232057e-01 3.82643719e-02]
 [6.44826443e-02 1.16728507e-01 1.62696474e-01]
 [7.72490990e-01 1.16655113e-01 3.41713901e-02]]
indicator: [0.04482455 0.00245255 0.95159187]

Device ID: 0.023039717323771
n_eval: 980
n_nds: 20
Best Solution Fitness: [[4.48245474e-02 2.45255100e-03 9.51591870e-01]
 [5.00680574e-01 1.14149636e-03 1.07549907e-01]
 [2.61836802e-01 9.81994023e-01 4.16902128e-03]
 [6.23182070e-05 6.19715022e-01 1.52168263e-01]
 [9.21134227e-01 2.31954504e-02 9.85362247e-02]
 [6.79068837e-01 9.18601778e-01 4.02024891e-04]
 [1.41356617e-01 3.55042407e-03 7.70252233e-01]
 [1.58117585e-03 2.14828477e-01 3.53407276e-01]
 [4.29579795e-01 1.89742113e-01 1.17814857e-03]
 [1.33198332e-01 8.21106308e-03 9.42958304e-01]
 [3.21014953e-01 5.67958798e-02 6.53120049e-02]
 [2.15469125e-02 4.18274508e-01 1.21282921e-01]
 [2.62618321e-01 2.98971707e-01 1.10691595e-03]
 [1.16494493e-02 5.56351405e-01 5.47899940e-02]
 [6.13719674e-01 3.11965920e-02 6.27101829e-02]
 [2.19347432e-01 9.72040888e-01 3.36702894e-02]
 [2.54653986e-03 1.40035563e-02 2.17611103e-01]
 [8.82371817e-02 3.94232057e-01 3.82643719e-02]
 [6.44826443e-02 1.16728507e-01 1.62696474e-01]
 [7.72490990e-01 1.16655113e-01 3.41713901e-02]]
indicator: [0.50068057 0.0011415  0.10754991]

Device ID: 0.22152944159739374
n_eval: 980
n_nds: 20
Best Solution Fitness: [[4.48245474e-02 2.45255100e-03 9.51591870e-01]
 [5.00680574e-01 1.14149636e-03 1.07549907e-01]
 [2.61836802e-01 9.81994023e-01 4.16902128e-03]
 [6.23182070e-05 6.19715022e-01 1.52168263e-01]
 [9.21134227e-01 2.31954504e-02 9.85362247e-02]
 [6.79068837e-01 9.18601778e-01 4.02024891e-04]
 [1.41356617e-01 3.55042407e-03 7.70252233e-01]
 [1.58117585e-03 2.14828477e-01 3.53407276e-01]
 [4.29579795e-01 1.89742113e-01 1.17814857e-03]
 [1.33198332e-01 8.21106308e-03 9.42958304e-01]
 [3.21014953e-01 5.67958798e-02 6.53120049e-02]
 [2.15469125e-02 4.18274508e-01 1.21282921e-01]
 [2.62618321e-01 2.98971707e-01 1.10691595e-03]
 [1.16494493e-02 5.56351405e-01 5.47899940e-02]
 [6.13719674e-01 3.11965920e-02 6.27101829e-02]
 [2.19347432e-01 9.72040888e-01 3.36702894e-02]
 [2.54653986e-03 1.40035563e-02 2.17611103e-01]
 [8.82371817e-02 3.94232057e-01 3.82643719e-02]
 [6.44826443e-02 1.16728507e-01 1.62696474e-01]
 [7.72490990e-01 1.16655113e-01 3.41713901e-02]]
indicator: [0.2618368  0.98199402 0.00416902]

Device ID: 0.019366957870297075
n_eval: 980
n_nds: 20
Best Solution Fitness: [[4.48245474e-02 2.45255100e-03 9.51591870e-01]
 [5.00680574e-01 1.14149636e-03 1.07549907e-01]
 [2.61836802e-01 9.81994023e-01 4.16902128e-03]
 [6.23182070e-05 6.19715022e-01 1.52168263e-01]
 [9.21134227e-01 2.31954504e-02 9.85362247e-02]
 [6.79068837e-01 9.18601778e-01 4.02024891e-04]
 [1.41356617e-01 3.55042407e-03 7.70252233e-01]
 [1.58117585e-03 2.14828477e-01 3.53407276e-01]
 [4.29579795e-01 1.89742113e-01 1.17814857e-03]
 [1.33198332e-01 8.21106308e-03 9.42958304e-01]
 [3.21014953e-01 5.67958798e-02 6.53120049e-02]
 [2.15469125e-02 4.18274508e-01 1.21282921e-01]
 [2.62618321e-01 2.98971707e-01 1.10691595e-03]
 [1.16494493e-02 5.56351405e-01 5.47899940e-02]
 [6.13719674e-01 3.11965920e-02 6.27101829e-02]
 [2.19347432e-01 9.72040888e-01 3.36702894e-02]
 [2.54653986e-03 1.40035563e-02 2.17611103e-01]
 [8.82371817e-02 3.94232057e-01 3.82643719e-02]
 [6.44826443e-02 1.16728507e-01 1.62696474e-01]
 [7.72490990e-01 1.16655113e-01 3.41713901e-02]]
indicator: [6.23182070e-05 6.19715022e-01 1.52168263e-01]

Device ID: 0.23984775914758616
n_eval: 980
n_nds: 20
Best Solution Fitness: [[4.48245474e-02 2.45255100e-03 9.51591870e-01]
 [5.00680574e-01 1.14149636e-03 1.07549907e-01]
 [2.61836802e-01 9.81994023e-01 4.16902128e-03]
 [6.23182070e-05 6.19715022e-01 1.52168263e-01]
 [9.21134227e-01 2.31954504e-02 9.85362247e-02]
 [6.79068837e-01 9.18601778e-01 4.02024891e-04]
 [1.41356617e-01 3.55042407e-03 7.70252233e-01]
 [1.58117585e-03 2.14828477e-01 3.53407276e-01]
 [4.29579795e-01 1.89742113e-01 1.17814857e-03]
 [1.33198332e-01 8.21106308e-03 9.42958304e-01]
 [3.21014953e-01 5.67958798e-02 6.53120049e-02]
 [2.15469125e-02 4.18274508e-01 1.21282921e-01]
 [2.62618321e-01 2.98971707e-01 1.10691595e-03]
 [1.16494493e-02 5.56351405e-01 5.47899940e-02]
 [6.13719674e-01 3.11965920e-02 6.27101829e-02]
 [2.19347432e-01 9.72040888e-01 3.36702894e-02]
 [2.54653986e-03 1.40035563e-02 2.17611103e-01]
 [8.82371817e-02 3.94232057e-01 3.82643719e-02]
 [6.44826443e-02 1.16728507e-01 1.62696474e-01]
 [7.72490990e-01 1.16655113e-01 3.41713901e-02]]
indicator: [0.92113423 0.02319545 0.09853622]

Device ID: 0.23984775914758616
n_eval: 980
n_nds: 20
Best Solution Fitness: [[4.48245474e-02 2.45255100e-03 9.51591870e-01]
 [5.00680574e-01 1.14149636e-03 1.07549907e-01]
 [2.61836802e-01 9.81994023e-01 4.16902128e-03]
 [6.23182070e-05 6.19715022e-01 1.52168263e-01]
 [9.21134227e-01 2.31954504e-02 9.85362247e-02]
 [6.79068837e-01 9.18601778e-01 4.02024891e-04]
 [1.41356617e-01 3.55042407e-03 7.70252233e-01]
 [1.58117585e-03 2.14828477e-01 3.53407276e-01]
 [4.29579795e-01 1.89742113e-01 1.17814857e-03]
 [1.33198332e-01 8.21106308e-03 9.42958304e-01]
 [3.21014953e-01 5.67958798e-02 6.53120049e-02]
 [2.15469125e-02 4.18274508e-01 1.21282921e-01]
 [2.62618321e-01 2.98971707e-01 1.10691595e-03]
 [1.16494493e-02 5.56351405e-01 5.47899940e-02]
 [6.13719674e-01 3.11965920e-02 6.27101829e-02]
 [2.19347432e-01 9.72040888e-01 3.36702894e-02]
 [2.54653986e-03 1.40035563e-02 2.17611103e-01]
 [8.82371817e-02 3.94232057e-01 3.82643719e-02]
 [6.44826443e-02 1.16728507e-01 1.62696474e-01]
 [7.72490990e-01 1.16655113e-01 3.41713901e-02]]
indicator: [6.79068837e-01 9.18601778e-01 4.02024891e-04]

Device ID: 0.019366957870297075
n_eval: 980
n_nds: 20
Best Solution Fitness: [[4.48245474e-02 2.45255100e-03 9.51591870e-01]
 [5.00680574e-01 1.14149636e-03 1.07549907e-01]
 [2.61836802e-01 9.81994023e-01 4.16902128e-03]
 [6.23182070e-05 6.19715022e-01 1.52168263e-01]
 [9.21134227e-01 2.31954504e-02 9.85362247e-02]
 [6.79068837e-01 9.18601778e-01 4.02024891e-04]
 [1.41356617e-01 3.55042407e-03 7.70252233e-01]
 [1.58117585e-03 2.14828477e-01 3.53407276e-01]
 [4.29579795e-01 1.89742113e-01 1.17814857e-03]
 [1.33198332e-01 8.21106308e-03 9.42958304e-01]
 [3.21014953e-01 5.67958798e-02 6.53120049e-02]
 [2.15469125e-02 4.18274508e-01 1.21282921e-01]
 [2.62618321e-01 2.98971707e-01 1.10691595e-03]
 [1.16494493e-02 5.56351405e-01 5.47899940e-02]
 [6.13719674e-01 3.11965920e-02 6.27101829e-02]
 [2.19347432e-01 9.72040888e-01 3.36702894e-02]
 [2.54653986e-03 1.40035563e-02 2.17611103e-01]
 [8.82371817e-02 3.94232057e-01 3.82643719e-02]
 [6.44826443e-02 1.16728507e-01 1.62696474e-01]
 [7.72490990e-01 1.16655113e-01 3.41713901e-02]]
indicator: [0.14135662 0.00355042 0.77025223]

Device ID: 0.023039717323771
n_eval: 980
n_nds: 20
Best Solution Fitness: [[4.48245474e-02 2.45255100e-03 9.51591870e-01]
 [5.00680574e-01 1.14149636e-03 1.07549907e-01]
 [2.61836802e-01 9.81994023e-01 4.16902128e-03]
 [6.23182070e-05 6.19715022e-01 1.52168263e-01]
 [9.21134227e-01 2.31954504e-02 9.85362247e-02]
 [6.79068837e-01 9.18601778e-01 4.02024891e-04]
 [1.41356617e-01 3.55042407e-03 7.70252233e-01]
 [1.58117585e-03 2.14828477e-01 3.53407276e-01]
 [4.29579795e-01 1.89742113e-01 1.17814857e-03]
 [1.33198332e-01 8.21106308e-03 9.42958304e-01]
 [3.21014953e-01 5.67958798e-02 6.53120049e-02]
 [2.15469125e-02 4.18274508e-01 1.21282921e-01]
 [2.62618321e-01 2.98971707e-01 1.10691595e-03]
 [1.16494493e-02 5.56351405e-01 5.47899940e-02]
 [6.13719674e-01 3.11965920e-02 6.27101829e-02]
 [2.19347432e-01 9.72040888e-01 3.36702894e-02]
 [2.54653986e-03 1.40035563e-02 2.17611103e-01]
 [8.82371817e-02 3.94232057e-01 3.82643719e-02]
 [6.44826443e-02 1.16728507e-01 1.62696474e-01]
 [7.72490990e-01 1.16655113e-01 3.41713901e-02]]
indicator: [0.00158118 0.21482848 0.35340728]

Device ID: 0.026447723548727764
n_eval: 980
n_nds: 20
Best Solution Fitness: [[4.48245474e-02 2.45255100e-03 9.51591870e-01]
 [5.00680574e-01 1.14149636e-03 1.07549907e-01]
 [2.61836802e-01 9.81994023e-01 4.16902128e-03]
 [6.23182070e-05 6.19715022e-01 1.52168263e-01]
 [9.21134227e-01 2.31954504e-02 9.85362247e-02]
 [6.79068837e-01 9.18601778e-01 4.02024891e-04]
 [1.41356617e-01 3.55042407e-03 7.70252233e-01]
 [1.58117585e-03 2.14828477e-01 3.53407276e-01]
 [4.29579795e-01 1.89742113e-01 1.17814857e-03]
 [1.33198332e-01 8.21106308e-03 9.42958304e-01]
 [3.21014953e-01 5.67958798e-02 6.53120049e-02]
 [2.15469125e-02 4.18274508e-01 1.21282921e-01]
 [2.62618321e-01 2.98971707e-01 1.10691595e-03]
 [1.16494493e-02 5.56351405e-01 5.47899940e-02]
 [6.13719674e-01 3.11965920e-02 6.27101829e-02]
 [2.19347432e-01 9.72040888e-01 3.36702894e-02]
 [2.54653986e-03 1.40035563e-02 2.17611103e-01]
 [8.82371817e-02 3.94232057e-01 3.82643719e-02]
 [6.44826443e-02 1.16728507e-01 1.62696474e-01]
 [7.72490990e-01 1.16655113e-01 3.41713901e-02]]
indicator: [0.42957979 0.18974211 0.00117815]

Device ID: 0.019366957870297075
n_eval: 980
n_nds: 20
Best Solution Fitness: [[4.48245474e-02 2.45255100e-03 9.51591870e-01]
 [5.00680574e-01 1.14149636e-03 1.07549907e-01]
 [2.61836802e-01 9.81994023e-01 4.16902128e-03]
 [6.23182070e-05 6.19715022e-01 1.52168263e-01]
 [9.21134227e-01 2.31954504e-02 9.85362247e-02]
 [6.79068837e-01 9.18601778e-01 4.02024891e-04]
 [1.41356617e-01 3.55042407e-03 7.70252233e-01]
 [1.58117585e-03 2.14828477e-01 3.53407276e-01]
 [4.29579795e-01 1.89742113e-01 1.17814857e-03]
 [1.33198332e-01 8.21106308e-03 9.42958304e-01]
 [3.21014953e-01 5.67958798e-02 6.53120049e-02]
 [2.15469125e-02 4.18274508e-01 1.21282921e-01]
 [2.62618321e-01 2.98971707e-01 1.10691595e-03]
 [1.16494493e-02 5.56351405e-01 5.47899940e-02]
 [6.13719674e-01 3.11965920e-02 6.27101829e-02]
 [2.19347432e-01 9.72040888e-01 3.36702894e-02]
 [2.54653986e-03 1.40035563e-02 2.17611103e-01]
 [8.82371817e-02 3.94232057e-01 3.82643719e-02]
 [6.44826443e-02 1.16728507e-01 1.62696474e-01]
 [7.72490990e-01 1.16655113e-01 3.41713901e-02]]
indicator: [0.13319833 0.00821106 0.9429583 ]

Device ID: 0.23984775914758616
n_eval: 980
n_nds: 20
Best Solution Fitness: [[4.48245474e-02 2.45255100e-03 9.51591870e-01]
 [5.00680574e-01 1.14149636e-03 1.07549907e-01]
 [2.61836802e-01 9.81994023e-01 4.16902128e-03]
 [6.23182070e-05 6.19715022e-01 1.52168263e-01]
 [9.21134227e-01 2.31954504e-02 9.85362247e-02]
 [6.79068837e-01 9.18601778e-01 4.02024891e-04]
 [1.41356617e-01 3.55042407e-03 7.70252233e-01]
 [1.58117585e-03 2.14828477e-01 3.53407276e-01]
 [4.29579795e-01 1.89742113e-01 1.17814857e-03]
 [1.33198332e-01 8.21106308e-03 9.42958304e-01]
 [3.21014953e-01 5.67958798e-02 6.53120049e-02]
 [2.15469125e-02 4.18274508e-01 1.21282921e-01]
 [2.62618321e-01 2.98971707e-01 1.10691595e-03]
 [1.16494493e-02 5.56351405e-01 5.47899940e-02]
 [6.13719674e-01 3.11965920e-02 6.27101829e-02]
 [2.19347432e-01 9.72040888e-01 3.36702894e-02]
 [2.54653986e-03 1.40035563e-02 2.17611103e-01]
 [8.82371817e-02 3.94232057e-01 3.82643719e-02]
 [6.44826443e-02 1.16728507e-01 1.62696474e-01]
 [7.72490990e-01 1.16655113e-01 3.41713901e-02]]
indicator: [0.32101495 0.05679588 0.065312  ]

Device ID: 0.48356367542406703
n_eval: 980
n_nds: 20
Best Solution Fitness: [[4.48245474e-02 2.45255100e-03 9.51591870e-01]
 [5.00680574e-01 1.14149636e-03 1.07549907e-01]
 [2.61836802e-01 9.81994023e-01 4.16902128e-03]
 [6.23182070e-05 6.19715022e-01 1.52168263e-01]
 [9.21134227e-01 2.31954504e-02 9.85362247e-02]
 [6.79068837e-01 9.18601778e-01 4.02024891e-04]
 [1.41356617e-01 3.55042407e-03 7.70252233e-01]
 [1.58117585e-03 2.14828477e-01 3.53407276e-01]
 [4.29579795e-01 1.89742113e-01 1.17814857e-03]
 [1.33198332e-01 8.21106308e-03 9.42958304e-01]
 [3.21014953e-01 5.67958798e-02 6.53120049e-02]
 [2.15469125e-02 4.18274508e-01 1.21282921e-01]
 [2.62618321e-01 2.98971707e-01 1.10691595e-03]
 [1.16494493e-02 5.56351405e-01 5.47899940e-02]
 [6.13719674e-01 3.11965920e-02 6.27101829e-02]
 [2.19347432e-01 9.72040888e-01 3.36702894e-02]
 [2.54653986e-03 1.40035563e-02 2.17611103e-01]
 [8.82371817e-02 3.94232057e-01 3.82643719e-02]
 [6.44826443e-02 1.16728507e-01 1.62696474e-01]
 [7.72490990e-01 1.16655113e-01 3.41713901e-02]]
indicator: [0.02154691 0.41827451 0.12128292]

Device ID: 0.23984775914758616
n_eval: 980
n_nds: 20
Best Solution Fitness: [[4.48245474e-02 2.45255100e-03 9.51591870e-01]
 [5.00680574e-01 1.14149636e-03 1.07549907e-01]
 [2.61836802e-01 9.81994023e-01 4.16902128e-03]
 [6.23182070e-05 6.19715022e-01 1.52168263e-01]
 [9.21134227e-01 2.31954504e-02 9.85362247e-02]
 [6.79068837e-01 9.18601778e-01 4.02024891e-04]
 [1.41356617e-01 3.55042407e-03 7.70252233e-01]
 [1.58117585e-03 2.14828477e-01 3.53407276e-01]
 [4.29579795e-01 1.89742113e-01 1.17814857e-03]
 [1.33198332e-01 8.21106308e-03 9.42958304e-01]
 [3.21014953e-01 5.67958798e-02 6.53120049e-02]
 [2.15469125e-02 4.18274508e-01 1.21282921e-01]
 [2.62618321e-01 2.98971707e-01 1.10691595e-03]
 [1.16494493e-02 5.56351405e-01 5.47899940e-02]
 [6.13719674e-01 3.11965920e-02 6.27101829e-02]
 [2.19347432e-01 9.72040888e-01 3.36702894e-02]
 [2.54653986e-03 1.40035563e-02 2.17611103e-01]
 [8.82371817e-02 3.94232057e-01 3.82643719e-02]
 [6.44826443e-02 1.16728507e-01 1.62696474e-01]
 [7.72490990e-01 1.16655113e-01 3.41713901e-02]]
indicator: [0.26261832 0.29897171 0.00110692]

Device ID: 0.023039717323771
n_eval: 980
n_nds: 20
Best Solution Fitness: [[4.48245474e-02 2.45255100e-03 9.51591870e-01]
 [5.00680574e-01 1.14149636e-03 1.07549907e-01]
 [2.61836802e-01 9.81994023e-01 4.16902128e-03]
 [6.23182070e-05 6.19715022e-01 1.52168263e-01]
 [9.21134227e-01 2.31954504e-02 9.85362247e-02]
 [6.79068837e-01 9.18601778e-01 4.02024891e-04]
 [1.41356617e-01 3.55042407e-03 7.70252233e-01]
 [1.58117585e-03 2.14828477e-01 3.53407276e-01]
 [4.29579795e-01 1.89742113e-01 1.17814857e-03]
 [1.33198332e-01 8.21106308e-03 9.42958304e-01]
 [3.21014953e-01 5.67958798e-02 6.53120049e-02]
 [2.15469125e-02 4.18274508e-01 1.21282921e-01]
 [2.62618321e-01 2.98971707e-01 1.10691595e-03]
 [1.16494493e-02 5.56351405e-01 5.47899940e-02]
 [6.13719674e-01 3.11965920e-02 6.27101829e-02]
 [2.19347432e-01 9.72040888e-01 3.36702894e-02]
 [2.54653986e-03 1.40035563e-02 2.17611103e-01]
 [8.82371817e-02 3.94232057e-01 3.82643719e-02]
 [6.44826443e-02 1.16728507e-01 1.62696474e-01]
 [7.72490990e-01 1.16655113e-01 3.41713901e-02]]
indicator: [0.01164945 0.55635141 0.05478999]

Device ID: 0.07518793971201876
n_eval: 980
n_nds: 20
Best Solution Fitness: [[4.48245474e-02 2.45255100e-03 9.51591870e-01]
 [5.00680574e-01 1.14149636e-03 1.07549907e-01]
 [2.61836802e-01 9.81994023e-01 4.16902128e-03]
 [6.23182070e-05 6.19715022e-01 1.52168263e-01]
 [9.21134227e-01 2.31954504e-02 9.85362247e-02]
 [6.79068837e-01 9.18601778e-01 4.02024891e-04]
 [1.41356617e-01 3.55042407e-03 7.70252233e-01]
 [1.58117585e-03 2.14828477e-01 3.53407276e-01]
 [4.29579795e-01 1.89742113e-01 1.17814857e-03]
 [1.33198332e-01 8.21106308e-03 9.42958304e-01]
 [3.21014953e-01 5.67958798e-02 6.53120049e-02]
 [2.15469125e-02 4.18274508e-01 1.21282921e-01]
 [2.62618321e-01 2.98971707e-01 1.10691595e-03]
 [1.16494493e-02 5.56351405e-01 5.47899940e-02]
 [6.13719674e-01 3.11965920e-02 6.27101829e-02]
 [2.19347432e-01 9.72040888e-01 3.36702894e-02]
 [2.54653986e-03 1.40035563e-02 2.17611103e-01]
 [8.82371817e-02 3.94232057e-01 3.82643719e-02]
 [6.44826443e-02 1.16728507e-01 1.62696474e-01]
 [7.72490990e-01 1.16655113e-01 3.41713901e-02]]
indicator: [0.61371967 0.03119659 0.06271018]

Device ID: 0.019366957870297075
n_eval: 980
n_nds: 20
Best Solution Fitness: [[4.48245474e-02 2.45255100e-03 9.51591870e-01]
 [5.00680574e-01 1.14149636e-03 1.07549907e-01]
 [2.61836802e-01 9.81994023e-01 4.16902128e-03]
 [6.23182070e-05 6.19715022e-01 1.52168263e-01]
 [9.21134227e-01 2.31954504e-02 9.85362247e-02]
 [6.79068837e-01 9.18601778e-01 4.02024891e-04]
 [1.41356617e-01 3.55042407e-03 7.70252233e-01]
 [1.58117585e-03 2.14828477e-01 3.53407276e-01]
 [4.29579795e-01 1.89742113e-01 1.17814857e-03]
 [1.33198332e-01 8.21106308e-03 9.42958304e-01]
 [3.21014953e-01 5.67958798e-02 6.53120049e-02]
 [2.15469125e-02 4.18274508e-01 1.21282921e-01]
 [2.62618321e-01 2.98971707e-01 1.10691595e-03]
 [1.16494493e-02 5.56351405e-01 5.47899940e-02]
 [6.13719674e-01 3.11965920e-02 6.27101829e-02]
 [2.19347432e-01 9.72040888e-01 3.36702894e-02]
 [2.54653986e-03 1.40035563e-02 2.17611103e-01]
 [8.82371817e-02 3.94232057e-01 3.82643719e-02]
 [6.44826443e-02 1.16728507e-01 1.62696474e-01]
 [7.72490990e-01 1.16655113e-01 3.41713901e-02]]
indicator: [0.21934743 0.97204089 0.03367029]

Device ID: 0.019366957870297075
n_eval: 980
n_nds: 20
Best Solution Fitness: [[4.48245474e-02 2.45255100e-03 9.51591870e-01]
 [5.00680574e-01 1.14149636e-03 1.07549907e-01]
 [2.61836802e-01 9.81994023e-01 4.16902128e-03]
 [6.23182070e-05 6.19715022e-01 1.52168263e-01]
 [9.21134227e-01 2.31954504e-02 9.85362247e-02]
 [6.79068837e-01 9.18601778e-01 4.02024891e-04]
 [1.41356617e-01 3.55042407e-03 7.70252233e-01]
 [1.58117585e-03 2.14828477e-01 3.53407276e-01]
 [4.29579795e-01 1.89742113e-01 1.17814857e-03]
 [1.33198332e-01 8.21106308e-03 9.42958304e-01]
 [3.21014953e-01 5.67958798e-02 6.53120049e-02]
 [2.15469125e-02 4.18274508e-01 1.21282921e-01]
 [2.62618321e-01 2.98971707e-01 1.10691595e-03]
 [1.16494493e-02 5.56351405e-01 5.47899940e-02]
 [6.13719674e-01 3.11965920e-02 6.27101829e-02]
 [2.19347432e-01 9.72040888e-01 3.36702894e-02]
 [2.54653986e-03 1.40035563e-02 2.17611103e-01]
 [8.82371817e-02 3.94232057e-01 3.82643719e-02]
 [6.44826443e-02 1.16728507e-01 1.62696474e-01]
 [7.72490990e-01 1.16655113e-01 3.41713901e-02]]
indicator: [0.00254654 0.01400356 0.2176111 ]

Device ID: 0.09620500502293984
n_eval: 980
n_nds: 20
Best Solution Fitness: [[4.48245474e-02 2.45255100e-03 9.51591870e-01]
 [5.00680574e-01 1.14149636e-03 1.07549907e-01]
 [2.61836802e-01 9.81994023e-01 4.16902128e-03]
 [6.23182070e-05 6.19715022e-01 1.52168263e-01]
 [9.21134227e-01 2.31954504e-02 9.85362247e-02]
 [6.79068837e-01 9.18601778e-01 4.02024891e-04]
 [1.41356617e-01 3.55042407e-03 7.70252233e-01]
 [1.58117585e-03 2.14828477e-01 3.53407276e-01]
 [4.29579795e-01 1.89742113e-01 1.17814857e-03]
 [1.33198332e-01 8.21106308e-03 9.42958304e-01]
 [3.21014953e-01 5.67958798e-02 6.53120049e-02]
 [2.15469125e-02 4.18274508e-01 1.21282921e-01]
 [2.62618321e-01 2.98971707e-01 1.10691595e-03]
 [1.16494493e-02 5.56351405e-01 5.47899940e-02]
 [6.13719674e-01 3.11965920e-02 6.27101829e-02]
 [2.19347432e-01 9.72040888e-01 3.36702894e-02]
 [2.54653986e-03 1.40035563e-02 2.17611103e-01]
 [8.82371817e-02 3.94232057e-01 3.82643719e-02]
 [6.44826443e-02 1.16728507e-01 1.62696474e-01]
 [7.72490990e-01 1.16655113e-01 3.41713901e-02]]
indicator: [0.08823718 0.39423206 0.03826437]

Device ID: 0.016761290001071794
n_eval: 980
n_nds: 20
Best Solution Fitness: [[4.48245474e-02 2.45255100e-03 9.51591870e-01]
 [5.00680574e-01 1.14149636e-03 1.07549907e-01]
 [2.61836802e-01 9.81994023e-01 4.16902128e-03]
 [6.23182070e-05 6.19715022e-01 1.52168263e-01]
 [9.21134227e-01 2.31954504e-02 9.85362247e-02]
 [6.79068837e-01 9.18601778e-01 4.02024891e-04]
 [1.41356617e-01 3.55042407e-03 7.70252233e-01]
 [1.58117585e-03 2.14828477e-01 3.53407276e-01]
 [4.29579795e-01 1.89742113e-01 1.17814857e-03]
 [1.33198332e-01 8.21106308e-03 9.42958304e-01]
 [3.21014953e-01 5.67958798e-02 6.53120049e-02]
 [2.15469125e-02 4.18274508e-01 1.21282921e-01]
 [2.62618321e-01 2.98971707e-01 1.10691595e-03]
 [1.16494493e-02 5.56351405e-01 5.47899940e-02]
 [6.13719674e-01 3.11965920e-02 6.27101829e-02]
 [2.19347432e-01 9.72040888e-01 3.36702894e-02]
 [2.54653986e-03 1.40035563e-02 2.17611103e-01]
 [8.82371817e-02 3.94232057e-01 3.82643719e-02]
 [6.44826443e-02 1.16728507e-01 1.62696474e-01]
 [7.72490990e-01 1.16655113e-01 3.41713901e-02]]
indicator: [0.06448264 0.11672851 0.16269647]

Device ID: 0.026495305494074622
n_eval: 980
n_nds: 20
Best Solution Fitness: [[4.48245474e-02 2.45255100e-03 9.51591870e-01]
 [5.00680574e-01 1.14149636e-03 1.07549907e-01]
 [2.61836802e-01 9.81994023e-01 4.16902128e-03]
 [6.23182070e-05 6.19715022e-01 1.52168263e-01]
 [9.21134227e-01 2.31954504e-02 9.85362247e-02]
 [6.79068837e-01 9.18601778e-01 4.02024891e-04]
 [1.41356617e-01 3.55042407e-03 7.70252233e-01]
 [1.58117585e-03 2.14828477e-01 3.53407276e-01]
 [4.29579795e-01 1.89742113e-01 1.17814857e-03]
 [1.33198332e-01 8.21106308e-03 9.42958304e-01]
 [3.21014953e-01 5.67958798e-02 6.53120049e-02]
 [2.15469125e-02 4.18274508e-01 1.21282921e-01]
 [2.62618321e-01 2.98971707e-01 1.10691595e-03]
 [1.16494493e-02 5.56351405e-01 5.47899940e-02]
 [6.13719674e-01 3.11965920e-02 6.27101829e-02]
 [2.19347432e-01 9.72040888e-01 3.36702894e-02]
 [2.54653986e-03 1.40035563e-02 2.17611103e-01]
 [8.82371817e-02 3.94232057e-01 3.82643719e-02]
 [6.44826443e-02 1.16728507e-01 1.62696474e-01]
 [7.72490990e-01 1.16655113e-01 3.41713901e-02]]
indicator: [0.77249099 0.11665511 0.03417139]

