Device ID: 0.10233442882782584
n_eval: 120
n_nds: 8
Best Solution Fitness: [[8.27115471e-01 1.50189807e-02 1.76196256e-01]
 [6.79068837e-01 9.18601778e-01 4.02024891e-04]
 [2.54653986e-03 1.40035563e-02 2.17611103e-01]
 [3.96003215e-01 7.29957494e-01 6.00753246e-03]
 [6.13719674e-01 3.11965920e-02 6.27101829e-02]
 [7.64726639e-01 5.18281580e-01 5.31653296e-03]
 [7.05420447e-02 7.34666544e-02 1.47437909e-02]
 [2.04122500e-01 6.70894603e-02 1.98648264e-01]]
indicator: [0.82711547 0.01501898 0.17619626]

Device ID: 0.23984775914758616
n_eval: 120
n_nds: 8
Best Solution Fitness: [[8.27115471e-01 1.50189807e-02 1.76196256e-01]
 [6.79068837e-01 9.18601778e-01 4.02024891e-04]
 [2.54653986e-03 1.40035563e-02 2.17611103e-01]
 [3.96003215e-01 7.29957494e-01 6.00753246e-03]
 [6.13719674e-01 3.11965920e-02 6.27101829e-02]
 [7.64726639e-01 5.18281580e-01 5.31653296e-03]
 [7.05420447e-02 7.34666544e-02 1.47437909e-02]
 [2.04122500e-01 6.70894603e-02 1.98648264e-01]]
indicator: [6.79068837e-01 9.18601778e-01 4.02024891e-04]

Device ID: 0.019366957870297075
n_eval: 120
n_nds: 8
Best Solution Fitness: [[8.27115471e-01 1.50189807e-02 1.76196256e-01]
 [6.79068837e-01 9.18601778e-01 4.02024891e-04]
 [2.54653986e-03 1.40035563e-02 2.17611103e-01]
 [3.96003215e-01 7.29957494e-01 6.00753246e-03]
 [6.13719674e-01 3.11965920e-02 6.27101829e-02]
 [7.64726639e-01 5.18281580e-01 5.31653296e-03]
 [7.05420447e-02 7.34666544e-02 1.47437909e-02]
 [2.04122500e-01 6.70894603e-02 1.98648264e-01]]
indicator: [0.00254654 0.01400356 0.2176111 ]

Device ID: 0.48648838389952365
n_eval: 120
n_nds: 8
Best Solution Fitness: [[8.27115471e-01 1.50189807e-02 1.76196256e-01]
 [6.79068837e-01 9.18601778e-01 4.02024891e-04]
 [2.54653986e-03 1.40035563e-02 2.17611103e-01]
 [3.96003215e-01 7.29957494e-01 6.00753246e-03]
 [6.13719674e-01 3.11965920e-02 6.27101829e-02]
 [7.64726639e-01 5.18281580e-01 5.31653296e-03]
 [7.05420447e-02 7.34666544e-02 1.47437909e-02]
 [2.04122500e-01 6.70894603e-02 1.98648264e-01]]
indicator: [0.39600321 0.72995749 0.00600753]

Device ID: 0.07518793971201876
n_eval: 120
n_nds: 8
Best Solution Fitness: [[8.27115471e-01 1.50189807e-02 1.76196256e-01]
 [6.79068837e-01 9.18601778e-01 4.02024891e-04]
 [2.54653986e-03 1.40035563e-02 2.17611103e-01]
 [3.96003215e-01 7.29957494e-01 6.00753246e-03]
 [6.13719674e-01 3.11965920e-02 6.27101829e-02]
 [7.64726639e-01 5.18281580e-01 5.31653296e-03]
 [7.05420447e-02 7.34666544e-02 1.47437909e-02]
 [2.04122500e-01 6.70894603e-02 1.98648264e-01]]
indicator: [0.61371967 0.03119659 0.06271018]

Device ID: 0.029241187379049682
n_eval: 120
n_nds: 8
Best Solution Fitness: [[8.27115471e-01 1.50189807e-02 1.76196256e-01]
 [6.79068837e-01 9.18601778e-01 4.02024891e-04]
 [2.54653986e-03 1.40035563e-02 2.17611103e-01]
 [3.96003215e-01 7.29957494e-01 6.00753246e-03]
 [6.13719674e-01 3.11965920e-02 6.27101829e-02]
 [7.64726639e-01 5.18281580e-01 5.31653296e-03]
 [7.05420447e-02 7.34666544e-02 1.47437909e-02]
 [2.04122500e-01 6.70894603e-02 1.98648264e-01]]
indicator: [0.76472664 0.51828158 0.00531653]

Device ID: 0.023039717323771
n_eval: 120
n_nds: 8
Best Solution Fitness: [[8.27115471e-01 1.50189807e-02 1.76196256e-01]
 [6.79068837e-01 9.18601778e-01 4.02024891e-04]
 [2.54653986e-03 1.40035563e-02 2.17611103e-01]
 [3.96003215e-01 7.29957494e-01 6.00753246e-03]
 [6.13719674e-01 3.11965920e-02 6.27101829e-02]
 [7.64726639e-01 5.18281580e-01 5.31653296e-03]
 [7.05420447e-02 7.34666544e-02 1.47437909e-02]
 [2.04122500e-01 6.70894603e-02 1.98648264e-01]]
indicator: [0.07054204 0.07346665 0.01474379]

Device ID: 0.4307629316996348
n_eval: 120
n_nds: 8
Best Solution Fitness: [[8.27115471e-01 1.50189807e-02 1.76196256e-01]
 [6.79068837e-01 9.18601778e-01 4.02024891e-04]
 [2.54653986e-03 1.40035563e-02 2.17611103e-01]
 [3.96003215e-01 7.29957494e-01 6.00753246e-03]
 [6.13719674e-01 3.11965920e-02 6.27101829e-02]
 [7.64726639e-01 5.18281580e-01 5.31653296e-03]
 [7.05420447e-02 7.34666544e-02 1.47437909e-02]
 [2.04122500e-01 6.70894603e-02 1.98648264e-01]]
indicator: [0.2041225  0.06708946 0.19864826]

Device ID: 0.17433781641117552
n_eval: 120
n_nds: 8
Best Solution Fitness: [[8.27115471e-01 1.50189807e-02 1.76196256e-01]
 [6.79068837e-01 9.18601778e-01 4.02024891e-04]
 [2.54653986e-03 1.40035563e-02 2.17611103e-01]
 [3.96003215e-01 7.29957494e-01 6.00753246e-03]
 [6.13719674e-01 3.11965920e-02 6.27101829e-02]
 [7.64726639e-01 5.18281580e-01 5.31653296e-03]
 [7.05420447e-02 7.34666544e-02 1.47437909e-02]
 [2.04122500e-01 6.70894603e-02 1.98648264e-01]]
indicator: [0.98907569 0.31845712 0.02390378]

Device ID: 0.32764526021661267
n_eval: 120
n_nds: 8
Best Solution Fitness: [[8.27115471e-01 1.50189807e-02 1.76196256e-01]
 [6.79068837e-01 9.18601778e-01 4.02024891e-04]
 [2.54653986e-03 1.40035563e-02 2.17611103e-01]
 [3.96003215e-01 7.29957494e-01 6.00753246e-03]
 [6.13719674e-01 3.11965920e-02 6.27101829e-02]
 [7.64726639e-01 5.18281580e-01 5.31653296e-03]
 [7.05420447e-02 7.34666544e-02 1.47437909e-02]
 [2.04122500e-01 6.70894603e-02 1.98648264e-01]]
indicator: [0.99211595 0.05976715 0.13136305]

Device ID: 0.4307629316996348
n_eval: 120
n_nds: 8
Best Solution Fitness: [[8.27115471e-01 1.50189807e-02 1.76196256e-01]
 [6.79068837e-01 9.18601778e-01 4.02024891e-04]
 [2.54653986e-03 1.40035563e-02 2.17611103e-01]
 [3.96003215e-01 7.29957494e-01 6.00753246e-03]
 [6.13719674e-01 3.11965920e-02 6.27101829e-02]
 [7.64726639e-01 5.18281580e-01 5.31653296e-03]
 [7.05420447e-02 7.34666544e-02 1.47437909e-02]
 [2.04122500e-01 6.70894603e-02 1.98648264e-01]]
indicator: [0.00273581 0.06336051 0.58426941]

Device ID: 0.8870588103910346
n_eval: 120
n_nds: 8
Best Solution Fitness: [[8.27115471e-01 1.50189807e-02 1.76196256e-01]
 [6.79068837e-01 9.18601778e-01 4.02024891e-04]
 [2.54653986e-03 1.40035563e-02 2.17611103e-01]
 [3.96003215e-01 7.29957494e-01 6.00753246e-03]
 [6.13719674e-01 3.11965920e-02 6.27101829e-02]
 [7.64726639e-01 5.18281580e-01 5.31653296e-03]
 [7.05420447e-02 7.34666544e-02 1.47437909e-02]
 [2.04122500e-01 6.70894603e-02 1.98648264e-01]]
indicator: [0.44100662 0.73961196 0.03760388]

Device ID: 0.019366957870297075
n_eval: 120
n_nds: 8
Best Solution Fitness: [[8.27115471e-01 1.50189807e-02 1.76196256e-01]
 [6.79068837e-01 9.18601778e-01 4.02024891e-04]
 [2.54653986e-03 1.40035563e-02 2.17611103e-01]
 [3.96003215e-01 7.29957494e-01 6.00753246e-03]
 [6.13719674e-01 3.11965920e-02 6.27101829e-02]
 [7.64726639e-01 5.18281580e-01 5.31653296e-03]
 [7.05420447e-02 7.34666544e-02 1.47437909e-02]
 [2.04122500e-01 6.70894603e-02 1.98648264e-01]]
indicator: [0.50566217 0.02152481 0.94797021]

Device ID: 0.07197427968948678
n_eval: 120
n_nds: 8
Best Solution Fitness: [[8.27115471e-01 1.50189807e-02 1.76196256e-01]
 [6.79068837e-01 9.18601778e-01 4.02024891e-04]
 [2.54653986e-03 1.40035563e-02 2.17611103e-01]
 [3.96003215e-01 7.29957494e-01 6.00753246e-03]
 [6.13719674e-01 3.11965920e-02 6.27101829e-02]
 [7.64726639e-01 5.18281580e-01 5.31653296e-03]
 [7.05420447e-02 7.34666544e-02 1.47437909e-02]
 [2.04122500e-01 6.70894603e-02 1.98648264e-01]]
indicator: [0.86104314 0.07246489 0.32878112]

Device ID: 0.019366957870297075
n_eval: 120
n_nds: 8
Best Solution Fitness: [[8.27115471e-01 1.50189807e-02 1.76196256e-01]
 [6.79068837e-01 9.18601778e-01 4.02024891e-04]
 [2.54653986e-03 1.40035563e-02 2.17611103e-01]
 [3.96003215e-01 7.29957494e-01 6.00753246e-03]
 [6.13719674e-01 3.11965920e-02 6.27101829e-02]
 [7.64726639e-01 5.18281580e-01 5.31653296e-03]
 [7.05420447e-02 7.34666544e-02 1.47437909e-02]
 [2.04122500e-01 6.70894603e-02 1.98648264e-01]]
indicator: [0.17533259 0.34114682 0.04431166]

Device ID: 0.07197427968948678
n_eval: 120
n_nds: 8
Best Solution Fitness: [[8.27115471e-01 1.50189807e-02 1.76196256e-01]
 [6.79068837e-01 9.18601778e-01 4.02024891e-04]
 [2.54653986e-03 1.40035563e-02 2.17611103e-01]
 [3.96003215e-01 7.29957494e-01 6.00753246e-03]
 [6.13719674e-01 3.11965920e-02 6.27101829e-02]
 [7.64726639e-01 5.18281580e-01 5.31653296e-03]
 [7.05420447e-02 7.34666544e-02 1.47437909e-02]
 [2.04122500e-01 6.70894603e-02 1.98648264e-01]]
indicator: [0.61203118 0.05390927 0.42019368]

Device ID: 0.01988013383979559
n_eval: 120
n_nds: 8
Best Solution Fitness: [[8.27115471e-01 1.50189807e-02 1.76196256e-01]
 [6.79068837e-01 9.18601778e-01 4.02024891e-04]
 [2.54653986e-03 1.40035563e-02 2.17611103e-01]
 [3.96003215e-01 7.29957494e-01 6.00753246e-03]
 [6.13719674e-01 3.11965920e-02 6.27101829e-02]
 [7.64726639e-01 5.18281580e-01 5.31653296e-03]
 [7.05420447e-02 7.34666544e-02 1.47437909e-02]
 [2.04122500e-01 6.70894603e-02 1.98648264e-01]]
indicator: [0.01553328 0.59348141 0.43367635]

Device ID: 0.0693776401655869
n_eval: 120
n_nds: 8
Best Solution Fitness: [[8.27115471e-01 1.50189807e-02 1.76196256e-01]
 [6.79068837e-01 9.18601778e-01 4.02024891e-04]
 [2.54653986e-03 1.40035563e-02 2.17611103e-01]
 [3.96003215e-01 7.29957494e-01 6.00753246e-03]
 [6.13719674e-01 3.11965920e-02 6.27101829e-02]
 [7.64726639e-01 5.18281580e-01 5.31653296e-03]
 [7.05420447e-02 7.34666544e-02 1.47437909e-02]
 [2.04122500e-01 6.70894603e-02 1.98648264e-01]]
indicator: [0.59776569 0.19207567 0.22625159]

Device ID: 0.10030406728877195
n_eval: 120
n_nds: 8
Best Solution Fitness: [[8.27115471e-01 1.50189807e-02 1.76196256e-01]
 [6.79068837e-01 9.18601778e-01 4.02024891e-04]
 [2.54653986e-03 1.40035563e-02 2.17611103e-01]
 [3.96003215e-01 7.29957494e-01 6.00753246e-03]
 [6.13719674e-01 3.11965920e-02 6.27101829e-02]
 [7.64726639e-01 5.18281580e-01 5.31653296e-03]
 [7.05420447e-02 7.34666544e-02 1.47437909e-02]
 [2.04122500e-01 6.70894603e-02 1.98648264e-01]]
indicator: [0.03074282 0.47837183 0.35274244]

Device ID: 0.24826004961857537
n_eval: 120
n_nds: 8
Best Solution Fitness: [[8.27115471e-01 1.50189807e-02 1.76196256e-01]
 [6.79068837e-01 9.18601778e-01 4.02024891e-04]
 [2.54653986e-03 1.40035563e-02 2.17611103e-01]
 [3.96003215e-01 7.29957494e-01 6.00753246e-03]
 [6.13719674e-01 3.11965920e-02 6.27101829e-02]
 [7.64726639e-01 5.18281580e-01 5.31653296e-03]
 [7.05420447e-02 7.34666544e-02 1.47437909e-02]
 [2.04122500e-01 6.70894603e-02 1.98648264e-01]]
indicator: [0.15401318 0.37781355 0.11195544]

